0 1
0 0
0 0
0 1
0 0
0 1
0 1
0 0
0 0
0 1
0 1
0 0
0 1
0 0
0 0
0 1
0 1
0 0
0 0
0 1
0 0
0 1
0 1
0 0
0 0
0 1
0 1
0 0
0 1
0 0
0 0
0 1
0 1
0 0
0 0
0 1
0 0
0 1
0 1
0 0
0 0
0 1
0 1
0 0
0 1
0 0
0 0
0 1
0 0
0 1
0 1
0 0
0 0
0 1
0 1
0 0
0 1
0 0
0 0
0 1
0 1
0 0
0 0
0 1
0 0
0 1
0 1
0 0
0 0
0 1
0 1
0 0
0 0
0 1
0 1
0 0
0 1
0 0
0 0
0 1
0 0
0 1
0 1
0 0
0 1
0 0
0 0
0 1
0 0
0 1
0 1
0 0
0 0
0 1
0 1
0 0
0 0
0 1
0 1
0 0
0 1
0 0
0 0
0 1
0 0
0 1
0 1
0 0
0 0
0 1
0 1
0 0
0 1
0 0
0 0
0 1
0 0
0 1
0 1
0 0
0 0
0 1
0 1
0 0
0 0
0 1
0 1
0 0
0 0
0 1
0 1
0 0
0 1
-1 0
-1 0
-1 1
-1 0
-2 1
-2 1
-2 0
-3 0
-3 1
-4 1
-4 0
-5 0
-5 1
-6 1
-6 0
-7 0
-7 1
-8 1
-9 0
-9 1
-10 0
-10 0
-11 1
-12 0
-12 1
-13 1
-13 0
-14 0
-14 1
-15 0
-15 1
-16 1
-16 0
-17 1
-17 0
-18 0
-18 1
-18 1
-19 0
-19 0
-19 1
-19 1
-19 0
-19 0
-19 1
-19 1
-19 0
-19 0
-18 1
-18 1
-18 0
-17 0
-17 1
-16 0
-16 1
-15 1
-14 0
-13 0
-12 1
-11 0
-10 1
-9 1
-7 0
-6 1
-5 0
-3 0
-1 1
0 1
2 0
4 0
6 1
8 1
10 0
12 0
15 1
17 0
20 1
22 0
25 1
28 1
30 0
33 1
36 0
39 0
43 1
46 0
49 1
53 1
56 0
60 0
63 1
67 1
71 0
74 0
78 1
82 1
86 0
90 0
94 1
98 1
102 0
106 0
111 1
115 0
119 1
123 0
128 1
132 1
136 0
141 1
145 0
150 0
154 1
158 1
163 0
167 1
171 0
176 0
180 1
184 0
188 1
193 1
197 0
201 1
205 0
209 0
213 1
217 0
221 1
224 1
228 0
232 1
235 0
239 1
242 0
245 1
249 0
252 0
255 1
258 1
262 0
265 1
268 0
271 0
274 1
277 1
280 0
283 1
286 0
289 1
292 0
294 1
297 0
300 1
302 0
305 1
308 0
310 1
313 0
315 1
317 0
320 1
322 0
324 1
326 0
329 1
331 0
333 1
335 0
337 1
338 1
340 0
342 0
344 1
345 1
347 0
348 0
350 1
351 0
352 1
354 1
355 0
356 0
357 1
358 0
359 1
360 1
361 0
361 1
362 0
362 0
363 1
363 1
364 0
364 1
364 0
364 1
364 0
364 0
364 1
364 1
364 0
364 1
363 0
363 1
362 0
361 1
361 0
360 1
359 0
358 1
357 0
356 1
355 0
353 1
352 1
351 0
349 0
348 1
346 0
344 1
342 0
340 1
338 0
336 1
334 1
332 0
329 1
327 0
324 0
322 1
319 0
316 1
313 1
310 0
307 1
304 0
301 0
298 1
294 1
291 0
287 1
284 0
280 0
276 1
272 1
268 0
264 1
260 0
256 1
252 0
247 1
243 0
238 1
234 0
229 1
224 0
220 1
215 0
210 1
205 0
200 1
195 0
190 1
185 0
179 1
174 0
169 1
163 0
158 1
152 0
147 1
141 0
135 1
129 1
123 0
117 1
111 0
105 0
99 1
93 1
87 0
80 0
74 1
67 0
61 1
54 0
47 1
40 0
33 1
26 1
19 0
12 0
5 1
-2 1
-9 0
-17 0
-24 1
-32 1
-39 0
-47 0
-55 1
-63 0
-71 1
-79 1
-87 0
-95 0
-103 1
-112 1
-120 0
-128 1
-137 0
-145 0
-154 1
-163 0
-172 1
-181 1
-189 0
-198 0
-208 1
-217 1
-226 0
-235 0
-244 1
-254 0
-263 1
-273 1
-282 0
-292 0
-302 1
-311 0
-321 1
-331 1
-341 0
-351 0
-361 1
-371 0
-381 1
-391 0
-401 1
-411 0
-421 1
-432 1
-442 0
-452 0
-462 1
-473 0
-483 1
-493 0
-503 1
-514 0
-524 1
-534 0
-545 1
-555 0
-565 1
-575 0
-586 0
-596 1
-606 1
-616 0
-626 0
-636 1
-646 1
-656 0
-666 1
-676 0
-686 0
-696 1
-706 0
-715 1
-725 1
-734 0
-744 1
-753 0
-762 0
-771 1
-780 0
-789 1
-798 0
-807 1
-816 0
-824 0
-832 1
-841 1
-849 0
-857 1
-865 0
-872 1
-880 0
-887 0
-895 1
-902 0
-909 1
-916 1
-923 0
-929 0
-936 1
-942 0
-949 1
-955 0
-961 1
-967 0
-972 1
-978 0
-983 1
-989 0
-994 1
-999 0
-1003 1
-1008 0
-1013 0
-1017 1
-1021 0
-1025 1
-1029 0
-1033 1
-1036 0
-1039 0
-1042 1
-1045 1
-1048 0
-1051 1
-1053 0
-1055 1
-1057 0
-1059 0
-1061 1
-1062 1
-1064 0
-1065 1
-1065 0
-1066 0
-1067 1
-1067 0
-1067 1
-1067 0
-1066 0
-1066 1
-1065 1
-1064 0
-1063 0
-1061 1
-1059 0
-1058 1
-1055 1
-1053 0
-1051 0
-1048 1
-1045 0
-1041 1
-1038 0
-1034 1
-1030 0
-1026 1
-1022 0
-1017 1
-1012 0
-1007 0
-1002 1
-996 0
-990 1
-984 0
-978 1
-971 0
-965 1
-958 0
-950 1
-943 0
-935 1
-927 0
-919 0
-910 1
-901 0
-892 1
-883 1
-873 0
-864 0
-854 1
-843 1
-833 0
-822 0
-811 1
-800 0
-788 1
-776 0
-764 0
-752 1
-739 0
-726 1
-713 1
-700 0
-686 0
-673 1
-658 1
-644 0
-629 0
-615 1
-599 0
-584 1
-569 1
-553 0
-537 0
-520 1
-504 0
-487 0
-470 1
-452 0
-435 1
-417 1
-398 0
-380 0
-361 1
-342 1
-322 0
-303 0
-283 1
-262 1
-242 0
-221 0
-200 1
-178 0
-157 1
-135 1
-113 0
-90 0
-68 1
-45 0
-22 1
2 0
25 1
49 0
73 1
97 0
122 1
147 0
171 1
196 0
222 1
247 0
273 1
299 0
325 1
351 0
377 1
404 0
430 0
457 1
484 1
511 0
538 1
565 0
593 1
620 0
648 1
675 0
703 1
731 1
759 0
787 0
815 1
843 0
872 1
900 1
928 0
957 0
985 1
1013 0
1042 1
1070 1
1099 0
1127 0
1156 1
1184 1
1213 0
1241 1
1270 0
1298 0
1327 1
1355 1
1384 0
1412 1
1441 0
1469 1
1497 1
1525 0
1554 0
1582 1
1610 1
1638 0
1666 1
1694 0
1722 1
1749 0
1777 1
1805 0
1832 1
1860 1
1887 0
1915 0
1942 1
1969 1
1996 0
2024 1
2051 0
2077 1
2104 0
2131 1
2158 0
2184 1
2211 0
2237 1
2264 1
2290 1
2316 0
2342 0
2369 1
2395 1
2420 0
2446 1
2472 0
2498 1
2524 0
2549 1
2575 0
2600 1
2626 1
2651 0
2676 1
2701 0
2727 1
2752 0
2777 1
2802 1
2827 0
2852 1
2877 1
2902 0
2927 0
2951 1
2976 1
3001 0
3025 1
3050 0
3075 1
3099 1
3124 0
3148 1
3173 0
3197 1
3221 0
3245 1
3269 1
3292 0
3316 1
3339 0
3363 1
3386 1
3409 0
3432 1
3454 1
3477 0
3499 1
3522 0
3544 1
3566 0
3587 1
3609 1
3631 0
3652 1
3673 1
3694 0
3715 0
3735 1
3756 1
3776 0
3796 1
3816 1
3835 0
3855 1
3874 1
3893 0
3912 1
3931 0
3949 1
3967 1
3985 0
4003 1
4021 0
4038 1
4055 0
4072 1
4089 1
4106 0
4122 1
4138 1
4154 0
4170 1
4185 1
4200 1
4215 0
4230 1
4245 0
4259 1
4273 0
4287 1
4300 0
4314 1
4327 1
4339 0
4352 1
4364 1
4376 0
4388 1
4400 0
4411 1
4422 1
4433 1
4443 0
4454 1
4464 0
4473 1
4483 1
4492 0
4501 1
4510 1
4518 0
4526 1
4534 1
4542 0
4549 0
4556 1
4563 1
4569 1
4575 0
4581 1
4587 0
4592 1
4598 1
4602 0
4607 1
4611 1
4615 0
4619 1
4622 1
4625 1
4628 0
4631 0
4633 1
4635 1
4637 1
4638 0
4639 1
4640 0
4641 1
4641 0
4641 1
4641 1
4640 1
4639 0
4638 1
4636 0
4635 1
4633 1
4630 1
4628 0
4625 1
4622 0
4618 1
4615 1
4611 0
4606 1
4602 1
4597 0
4592 1
4587 0
4581 1
4575 1
4569 0
4563 1
4556 1
4549 0
4542 1
4534 0
4526 1
4518 1
4510 1
4501 0
4492 1
4483 1
4473 0
4463 1
4453 0
4443 1
4432 1
4421 0
4410 1
4398 1
4387 0
4374 1
4362 0
4349 1
4336 1
4323 0
4309 1
4295 1
4281 0
4267 1
4252 1
4237 0
4222 1
4206 0
4190 1
4174 0
4157 1
4140 1
4123 1
4106 0
4088 1
4070 1
4052 0
4033 1
4014 1
3995 0
3975 1
3956 0
3935 1
3915 1
3894 0
3873 1
3852 0
3831 1
3809 1
3787 0
3764 1
3741 0
3718 1
3695 1
3672 0
3648 1
3624 0
3599 1
3574 1
3550 1
3524 0
3499 1
3473 1
3447 0
3421 1
3394 0
3367 1
3340 0
3313 1
3285 1
3257 0
3229 1
3201 0
3172 1
3144 1
3115 0
3085 1
3056 0
3026 1
2996 1
2966 0
2935 1
2905 1
2874 0
2843 1
2812 0
2780 1
2748 1
2717 0
2685 1
2652 0
2620 1
2587 0
2555 1
2522 0
2489 1
2455 1
2422 0
2388 1
2354 1
2321 0
2287 1
2252 1
2218 0
2184 1
2149 0
2114 1
2080 0
2045 1
2010 0
1974 1
1939 0
1904 1
1868 0
1833 1
1797 1
1761 0
1726 1
1690 1
1654 0
1618 1
1582 0
1545 1
1509 0
1472 1
1436 1
1399 0
1362 1
1326 0
1289 1
1252 0
1215 1
1178 0
1140 0
1103 1
1066 1
1028 1
991 0
953 1
916 0
878 0
840 1
803 1
765 0
727 1
689 1
651 0
613 1
575 0
537 0
499 1
461 1
423 0
385 1
346 0
308 0
270 1
232 1
193 0
155 1
117 0
79 1
40 0
2 1
-36 0
-75 1
-113 0
-151 1
-189 1
-228 0
-266 1
-304 0
-342 0
-381 1
-419 0
-457 1
-495 0
-533 1
-571 1
-609 0
-647 0
-685 1
-723 1
-761 0
-799 0
-837 1
-875 0
-912 1
-950 0
-988 1
-1025 0
-1063 1
-1100 0
-1138 1
-1175 0
-1212 1
-1250 0
-1287 0
-1324 1
-1361 1
-1398 0
-1435 1
-1472 0
-1508 1
-1545 0
-1582 1
-1618 0
-1654 0
-1691 1
-1727 0
-1763 1
-1799 0
-1835 1
-1871 0
-1907 0
-1943 1
-1978 0
-2014 1
-2049 0
-2085 1
-2120 0
-2155 1
-2190 0
-2225 1
-2260 0
-2294 1
-2329 0
-2363 1
-2398 0
-2432 0
-2466 1
-2500 0
-2534 1
-2568 0
-2601 0
-2635 1
-2668 0
-2701 1
-2735 0
-2768 1
-2800 0
-2833 0
-2866 1
-2898 0
-2931 1
-2963 0
-2995 0
-3027 1
-3059 1
-3091 0
-3122 0
-3154 1
-3185 0
-3216 1
-3247 0
-3278 0
-3309 1
-3339 0
-3370 1
-3400 0
-3430 1
-3460 0
-3490 0
-3520 1
-3549 0
-3579 0
-3608 1
-3637 0
-3666 0
-3695 1
-3723 0
-3752 1
-3780 0
-3808 1
-3836 0
-3864 0
-3892 1
-3920 0
-3947 1
-3974 0
-4001 0
-4028 1
-4055 0
-4082 1
-4108 0
-4134 1
-4161 0
-4186 0
-4212 0
-4238 1
-4263 0
-4289 0
-4314 1
-4339 0
-4364 1
-4388 0
-4413 1
-4437 0
-4461 0
-4485 1
-4509 0
-4533 0
-4556 1
-4580 0
-4603 0
-4626 1
-4649 0
-4671 0
-4694 1
-4716 0
-4739 1
-4761 0
-4782 0
-4804 1
-4826 0
-4847 1
-4868 0
-4889 0
-4910 1
-4931 0
-4951 0
-4971 1
-4992 0
-5012 1
-5031 0
-5051 0
-5071 0
-5090 0
-5109 1
-5128 0
-5147 1
-5166 0
-5184 0
-5203 1
-5221 0
-5239 1
-5257 0
-5274 0
-5292 1
-5309 0
-5326 0
-5343 1
-5360 0
-5377 0
-5393 1
-5410 0
-5426 0
-5442 1
-5458 0
-5473 0
-5489 1
-5504 0
-5519 0
-5534 1
-5549 0
-5564 1
-5579 0
-5593 0
-5607 0
-5621 0
-5635 1
-5649 0
-5663 1
-5676 0
-5689 0
-5702 1
-5715 0
-5728 1
-5741 0
-5753 0
-5765 0
-5778 1
-5790 0
-5801 0
-5813 1
-5825 0
-5836 1
-5847 0
-5858 0
-5869 0
-5880 0
-5890 1
-5901 0
-5911 0
-5921 1
-5931 0
-5941 1
-5951 0
-5960 0
-5969 1
-5979 0
-5988 0
-5997 0
-6005 1
-6014 0
-6022 1
-6031 0
-6039 0
-6047 1
-6055 0
-6062 0
-6070 0
-6077 1
-6084 0
-6092 0
-6099 1
-6105 0
-6112 0
-6119 0
-6125 1
-6131 0
-6137 0
-6143 1
-6149 0
-6155 1
-6160 0
-6165 0
-6171 1
-6176 0
-6181 0
-6186 0
-6190 1
-6195 0
-6199 0
-6203 1
-6207 0
-6211 0
-6215 1
-6219 0
-6222 0
-6226 0
-6229 1
-6232 0
-6235 0
-6238 1
-6241 0
-6243 0
-6246 1
-6248 0
-6250 0
-6252 1
-6254 0
-6256 0
-6258 1
-6259 0
-6261 0
-6262 0
-6263 1
-6264 0
-6265 0
-6265 1
-6266 0
-6266 1
-6267 0
-6267 0
-6267 0
-6267 0
-6267 1
-6266 0
-6266 1
-6265 0
-6265 0
-6264 0
-6263 1
-6262 0
-6261 0
-6259 0
-6258 1
-6256 0
-6254 1
-6253 0
-6251 0
-6249 0
-6246 1
-6244 0
-6242 1
-6239 0
-6236 0
-6233 1
-6230 0
-6227 0
-6224 0
-6221 0
-6217 1
-6214 0
-6210 1
-6206 0
-6202 0
-6198 0
-6194 1
-6190 0
-6186 0
-6181 0
-6176 1
-6172 0
-6167 1
-6162 0
-6157 0
-6152 1
-6147 0
-6142 0
-6136 1
-6131 0
-6125 0
-6119 0
-6114 1
-6108 0
-6102 1
-6096 0
-6089 0
-6083 0
-6077 0
-6070 1
-6064 0
-6057 0
-6050 1
-6043 0
-6036 0
-6029 1
-6022 0
-6014 0
-6007 1
-5999 0
-5991 0
-5983 1
-5975 0
-5967 0
-5959 1
-5951 0
-5942 1
-5934 0
-5925 0
-5916 0
-5907 1
-5898 0
-5889 0
-5880 0
-5870 0
-5861 1
-5851 0
-5841 1
-5831 0
-5821 0
-5811 1
-5800 0
-5790 0
-5779 1
-5768 0
-5757 0
-5746 0
-5735 1
-5724 0
-5712 1
-5701 0
-5689 0
-5677 1
-5665 0
-5653 0
-5640 1
-5628 0
-5615 0
-5602 0
-5590 1
-5576 0
-5563 1
-5550 0
-5537 0
-5523 0
-5509 0
-5495 1
-5481 0
-5467 1
-5453 0
-5438 0
-5424 1
-5409 0
-5394 0
-5379 1
-5364 0
-5349 1
-5334 0
-5318 0
-5303 0
-5287 1
-5271 0
-5255 0
-5239 1
-5223 0
-5206 0
-5190 1
-5173 0
-5157 0
-5140 0
-5123 1
-5106 0
-5089 1
-5072 0
-5054 1
-5037 0
-5020 0
-5002 0
-4984 1
-4967 0
-4949 1
-4931 0
-4913 0
-4895 0
-4877 1
-4858 0
-4840 0
-4822 1
-4804 0
-4786 0
-4768 1
-4749 0
-4731 1
-4713 0
-4695 0
-4676 1
-4658 0
-4640 0
-4622 1
-4603 0
-4585 1
-4567 0
-4548 0
-4530 0
-4512 1
-4493 0
-4475 0
-4456 1
-4438 0
-4419 0
-4401 1
-4382 0
-4364 0
-4345 1
-4326 1
-4307 0
-4288 0
-4269 1
-4250 0
-4231 0
-4212 1
-4193 0
-4173 0
-4154 0
-4135 1
-4115 0
-4095 1
-4076 0
-4056 1
-4036 0
-4016 0
-3996 1
-3976 0
-3956 0
-3936 1
-3916 0
-3896 0
-3875 0
-3855 1
-3834 1
-3814 0
-3793 0
-3772 1
-3752 0
-3731 0
-3710 1
-3689 0
-3668 1
-3647 0
-3626 0
-3605 1
-3583 0
-3562 1
-3541 0
-3520 0
-3498 1
-3477 0
-3455 0
-3434 1
-3412 0
-3391 0
-3369 1
-3348 0
-3326 1
-3305 0
-3283 0
-3261 1
-3240 1
-3218 0
-3196 0
-3175 0
-3153 1
-3132 0
-3110 1
-3089 0
-3067 1
-3046 0
-3024 0
-3003 1
-2981 0
-2960 0
-2939 1
-2917 0
-2896 0
-2875 1
-2854 0
-2833 1
-2812 0
-2791 1
-2770 0
-2750 1
-2729 0
-2708 1
-2688 0
-2668 0
-2647 0
-2627 1
-2607 0
-2587 1
-2567 0
-2548 1
-2528 0
-2509 0
-2489 1
-2470 0
-2451 1
-2432 0
-2413 0
-2394 1
-2376 0
-2357 1
-2339 0
-2321 1
-2303 0
-2285 1
-2268 0
-2250 0
-2233 1
-2215 0
-2198 1
-2181 0
-2165 0
-2148 1
-2132 0
-2115 0
-2099 1
-2083 1
-2067 0
-2051 0
-2035 1
-2019 0
-2004 1
-1988 0
-1973 1
-1957 0
-1942 1
-1927 0
-1912 1
-1897 0
-1882 0
-1867 0
-1853 1
-1838 0
-1824 1
-1810 0
-1796 1
-1782 0
-1768 1
-1754 0
-1740 1
-1727 0
-1713 0
-1700 1
-1687 0
-1674 1
-1661 0
-1648 1
-1636 0
-1623 1
-1611 0
-1599 1
-1587 0
-1575 0
-1564 1
-1552 0
-1541 1
-1530 0
-1519 1
-1508 0
-1497 0
-1487 1
-1476 0
-1466 1
-1456 0
-1446 0
-1437 1
-1427 1
-1418 0
-1409 1
-1400 0
-1391 1
-1383 0
-1374 0
-1366 1
-1358 0
-1350 1
-1343 0
-1335 1
-1328 0
-1321 1
-1314 0
-1308 0
-1301 1
-1295 0
-1289 1
-1283 1
-1277 0
-1272 0
-1267 0
-1261 1
-1256 1
-1252 0
-1247 0
-1243 1
-1238 0
-1234 1
-1231 0
-1227 1
-1223 0
-1220 1
-1217 1
-1214 0
-1211 0
-1208 1
-1206 0
-1204 0
-1201 1
-1199 0
-1197 1
-1196 0
-1194 1
-1192 0
-1191 1
-1190 0
-1189 1
-1188 0
-1187 1
-1186 0
-1186 0
-1185 1
-1185 1
-1184 0
-1184 0
-1184 1
-1184 0
-1184 1
-1184 0
-1184 1
-1184 0
-1184 0
-1185 1
-1185 1
-1185 0
-1185 0
-1186 1
-1186 0
-1186 1
-1187 1
-1187 0
-1187 0
-1187 1
-1188 0
-1188 1
-1188 0
-1188 0
-1188 1
-1188 1
-1188 0
-1188 0
-1188 1
-1187 0
-1187 1
-1187 0
-1186 1
-1186 0
-1186 1
-1185 0
-1185 1
-1184 0
-1184 1
-1183 0
-1182 0
-1182 1
-1181 0
-1181 1
-1180 0
-1179 0
-1179 1
-1178 1
-1177 0
-1177 1
-1176 0
-1175 1
-1174 0
-1173 1
-1172 0
-1171 0
-1170 1
-1169 0
-1168 1
-1167 0
-1166 1
-1165 0
-1163 1
-1162 0
-1161 1
-1159 0
-1158 1
-1156 0
-1154 0
-1153 1
-1151 0
-1149 1
-1147 0
-1145 0
-1143 1
-1141 1
-1139 0
-1137 0
-1134 1
-1132 1
-1129 0
-1127 1
-1124 0
-1121 1
-1118 0
-1115 0
-1112 1
-1109 0
-1106 1
-1102 0
-1098 1
-1095 0
-1091 0
-1087 1
-1083 1
-1079 0
-1074 0
-1070 1
-1065 0
-1061 1
-1056 0
-1051 1
-1045 0
-1040 1
-1035 0
-1029 1
-1023 0
-1017 1
-1011 0
-1005 1
-998 0
-992 0
-985 1
-978 0
-971 1
-963 0
-956 1
-948 0
-940 1
-932 0
-924 1
-915 0
-906 0
-898 1
-888 1
-879 0
-870 0
-860 1
-850 0
-840 1
-830 1
-819 0
-808 0
-798 1
-786 0
-775 1
-763 0
-752 1
-740 0
-727 1
-715 0
-702 1
-689 0
-676 0
-663 1
-649 0
-636 1
-622 0
-607 1
-593 0
-578 1
-563 0
-548 1
-533 0
-517 1
-501 0
-485 1
-469 0
-452 1
-435 0
-418 1
-401 0
-384 1
-366 0
-348 1
-330 0
-311 0
-293 1
-274 0
-255 1
-236 1
-217 0
-197 0
-177 1
-158 0
-138 1
-117 0
-97 1
-76 0
-56 1
-35 1
-14 0
7 0
29 1
50 0
72 1
93 0
115 1
137 0
159 1
181 0
203 1
225 0
248 1
270 0
293 1
315 0
338 1
361 0
383 1
406 0
429 1
452 0
475 1
498 1
521 0
543 0
566 1
589 0
612 1
635 0
658 1
681 0
704 1
727 0
750 1
773 0
796 1
818 0
841 1
864 1
886 0
909 1
931 0
954 1
976 0
999 0
1021 1
1043 1
1065 0
1087 1
1109 0
1131 1
1153 0
1174 1
1196 0
1217 1
1239 0
1260 1
1281 0
1302 1
1323 1
1344 0
1365 0
1386 1
1406 1
1427 0
1447 1
1467 0
1487 1
1507 0
1527 1
1547 1
1567 0
1586 0
1606 1
1625 1
1645 0
1664 0
1683 1
1702 1
1721 0
1740 1
1758 0
1777 1
1795 0
1814 1
1832 1
1851 0
1869 1
1888 0
1906 1
1925 0
1943 1
1961 0
1979 1
1998 1
2016 0
2034 1
2052 0
2070 1
2088 0
2106 0
2124 1
2142 1
2160 1
2177 0
2195 1
2213 0
2230 0
2247 1
2264 1
2281 1
2298 0
2315 1
2331 0
2347 1
2363 0
2379 1
2394 0
2409 1
2424 0
2439 1
2454 1
2468 0
2482 1
2496 0
2510 1
2523 1
2536 0
2549 1
2561 0
2573 1
2585 0
2597 1
2608 0
2619 1
2630 0
2641 1
2651 1
2661 1
2670 0
2679 1
2688 0
2697 1
2705 0
2713 1
2721 0
2728 1
2735 1
2742 0
2748 1
2755 0
2760 1
2766 0
2771 1
2776 1
2780 0
2784 1
2788 0
2792 1
2795 0
2798 1
2801 1
2803 0
2805 1
2807 1
2808 0
2809 1
2810 1
2810 0
2811 0
2811 1
2810 1
2809 0
2808 0
2807 1
2806 1
2804 0
2802 1
2799 1
2797 0
2794 1
2791 1
2787 0
2784 1
2780 0
2776 1
2771 0
2766 1
2762 0
2756 1
2751 0
2745 1
2740 1
2734 1
2727 0
2721 1
2714 0
2707 1
2700 0
2693 1
2685 1
2677 0
2669 1
2661 0
2653 1
2644 1
2635 0
2626 0
2617 1
2608 1
2599 0
2589 1
2579 1
2569 0
2559 1
2549 0
2538 1
2527 0
2517 1
2506 1
2494 0
2483 1
2472 0
2460 1
2448 0
2436 1
2424 1
2411 0
2399 1
2386 1
2372 0
2359 0
2346 1
2332 1
2318 0
2304 1
2289 0
2275 1
2260 1
2245 0
2230 1
2214 0
2199 1
2183 1
2167 0
2151 0
2134 1
2118 1
2101 0
2084 1
2067 1
2049 0
2032 0
2014 1
1996 1
1978 0
1959 1
1941 0
1922 1
1903 1
1884 0
1865 1
1845 0
1825 1
1806 0
1786 1
1765 0
1745 1
1724 1
1703 0
1682 1
1661 0
1640 1
1618 1
1597 0
1575 0
1553 1
1531 1
1508 0
1486 1
1463 0
1440 1
1417 0
1394 1
1370 0
1347 1
1323 0
1299 1
1275 1
1251 0
1227 1
1202 1
1178 0
1153 1
1128 0
1103 0
1077 1
1052 1
1026 0
1001 1
975 0
949 1
923 0
897 1
870 0
844 1
817 0
790 1
763 0
736 1
709 1
681 0
654 0
626 1
598 1
571 0
543 1
515 1
486 0
458 0
429 1
401 0
372 1
343 1
314 0
285 0
256 1
227 1
198 0
168 0
139 1
109 0
79 1
50 1
20 0
-10 1
-41 0
-71 1
-101 0
-132 0
-162 1
-192 1
-223 0
-254 1
-284 0
-315 1
-346 0
-377 1
-407 0
-438 0
-469 1
-500 1
-531 0
-563 1
-594 0
-625 1
-656 0
-688 1
-719 0
-751 1
-782 0
-814 1
-845 0
-877 0
-909 1
-940 0
-972 1
-1004 1
-1036 0
-1068 0
-1100 1
-1132 0
-1164 1
-1197 1
-1229 0
-1261 0
-1294 1
-1326 0
-1358 1
-1391 0
-1423 1
-1456 0
-1489 1
-1521 0
-1554 0
-1587 1
-1620 1
-1653 0
-1686 0
-1718 1
-1751 0
-1784 1
-1818 0
-1851 1
-1884 0
-1917 0
-1950 1
-1983 1
-2017 0
-2050 0
-2083 1
-2116 1
-2150 0
-2183 0
-2216 1
-2250 0
-2283 0
-2317 1
-2350 0
-2384 1
-2417 0
-2450 1
-2484 0
-2517 1
-2551 0
-2584 1
-2617 0
-2651 0
-2684 1
-2718 0
-2751 1
-2784 0
-2817 0
-2851 1
-2884 0
-2917 1
-2950 0
-2983 1
-3016 0
-3049 1
-3082 0
-3115 0
-3148 1
-3181 0
-3214 0
-3246 1
-3279 0
-3312 1
-3344 0
-3376 1
-3409 0
-3441 0
-3473 1
-3505 0
-3537 1
-3569 0
-3601 1
-3633 0
-3664 0
-3696 1
-3727 0
-3759 0
-3790 1
-3821 0
-3852 1
-3883 0
-3913 1
-3944 0
-3974 0
-4005 0
-4035 1
-4065 0
-4095 1
-4125 0
-4155 1
-4184 0
-4214 0
-4243 1
-4272 0
-4301 0
-4330 1
-4358 0
-4387 1
-4415 0
-4444 0
-4472 1
-4500 0
-4527 0
-4555 1
-4582 0
-4610 1
-4637 0
-4664 1
-4691 0
-4718 0
-4745 0
-4772 1
-4798 0
-4825 0
-4851 1
-4878 0
-4904 1
-4930 0
-4956 0
-4982 1
-5007 0
-5033 1
-5058 0
-5083 0
-5109 0
-5134 1
-5158 0
-5183 0
-5208 1
-5232 0
-5256 0
-5280 1
-5304 0
-5328 1
-5351 0
-5374 1
-5398 0
-5421 0
-5443 0
-5466 1
-5488 0
-5510 0
-5532 1
-5554 0
-5576 0
-5597 1
-5618 0
-5639 1
-5659 0
-5680 0
-5700 0
-5720 1
-5740 0
-5759 0
-5778 1
-5797 0
-5816 0
-5834 1
-5852 0
-5870 0
-5888 1
-5905 0
-5922 0
-5939 1
-5955 0
-5972 0
-5988 1
-6003 0
-6019 0
-6034 1
-6049 0
-6063 1
-6077 0
-6091 0
-6105 0
-6118 0
-6131 1
-6144 0
-6156 0
-6168 1
-6180 0
-6192 1
-6203 0
-6214 0
-6224 0
-6235 1
-6245 0
-6254 0
-6264 1
-6273 0
-6282 1
-6290 0
-6298 0
-6306 0
-6314 0
-6321 1
-6328 0
-6335 0
-6342 1
-6348 0
-6354 0
-6360 1
-6365 0
-6370 0
-6375 1
-6380 0
-6384 0
-6388 1
-6392 0
-6395 0
-6399 0
-6402 1
-6405 0
-6408 1
-6410 0
-6412 0
-6414 0
-6416 1
-6418 0
-6419 0
-6420 1
-6421 0
-6422 0
-6423 0
-6423 1
-6424 0
-6424 0
-6424 0
-6424 1
-6423 0
-6423 1
-6422 0
-6422 0
-6421 1
-6420 0
-6419 0
-6418 0
-6416 1
-6415 0
-6413 0
-6412 1
-6410 0
-6408 0
-6406 1
-6405 0
-6402 0
-6400 0
-6398 1
-6395 0
-6392 0
-6389 1
-6386 0
-6383 0
-6380 1
-6377 0
-6373 0
-6369 0
-6365 1
-6361 0
-6357 0
-6353 1
-6349 0
-6344 0
-6340 1
-6335 0
-6330 0
-6325 1
-6320 0
-6315 0
-6309 1
-6304 0
-6298 0
-6292 0
-6287 1
-6281 0
-6275 0
-6268 0
-6262 1
-6256 0
-6249 0
-6243 1
-6236 0
-6229 0
-6222 1
-6215 0
-6208 0
-6201 1
-6194 0
-6186 1
-6179 0
-6171 0
-6163 0
-6156 1
-6148 0
-6140 0
-6132 0
-6124 1
-6116 0
-6107 0
-6099 1
-6091 0
-6082 0
-6073 0
-6065 1
-6056 0
-6047 1
-6038 0
-6029 0
-6020 0
-6011 1
-6002 0
-5993 1
-5984 0
-5974 0
-5965 0
-5955 1
-5946 0
-5936 0
-5926 1
-5917 0
-5907 0
-5897 1
-5887 0
-5877 0
-5867 0
-5857 1
-5847 0
-5836 0
-5826 1
-5816 0
-5806 1
-5795 0
-5785 0
-5774 0
-5764 1
-5753 0
-5742 0
-5732 1
-5721 0
-5710 0
-5699 1
-5689 0
-5678 0
-5667 1
-5656 0
-5645 0
-5634 1
-5622 0
-5611 0
-5600 0
-5589 1
-5578 0
-5566 0
-5555 1
-5544 0
-5532 1
-5521 0
-5509 0
-5498 0
-5486 1
-5475 0
-5463 1
-5451 0
-5440 0
-5428 0
-5416 1
-5405 0
-5393 1
-5381 0
-5369 0
-5357 0
-5345 1
-5333 0
-5321 0
-5309 1
-5297 0
-5285 1
-5273 0
-5261 0
-5249 0
-5236 1
-5224 0
-5212 0
-5200 1
-5187 0
-5175 0
-5163 1
-5150 0
-5138 0
-5125 1
-5113 0
-5100 0
-5088 1
-5075 0
-5062 1
-5050 0
-5037 1
-5024 0
-5012 0
-4999 0
-4986 1
-4973 0
-4960 0
-4947 0
-4934 1
-4921 0
-4908 0
-4895 1
-4882 0
-4869 1
-4856 0
-4842 0
-4829 1
-4816 0
-4802 0
-4789 1
-4776 0
-4762 0
-4749 1
-4735 0
-4722 1
-4708 0
-4694 0
-4680 1
-4667 0
-4653 0
-4639 1
-4625 0
-4611 0
-4597 1
-4583 0
-4569 0
-4555 1
-4541 0
-4526 0
-4512 1
-4498 0
-4483 0
-4469 1
-4454 0
-4440 0
-4425 1
-4410 0
-4396 1
-4381 0
-4366 0
-4351 1
-4336 0
-4321 1
-4306 0
-4291 1
-4275 0
-4260 0
-4245 0
-4229 1
-4214 0
-4198 0
-4182 0
-4167 1
-4151 0
-4135 1
-4119 0
-4103 0
-4087 1
-4071 0
-4054 1
-4038 0
-4022 1
-4005 0
-3989 0
-3972 1
-3955 0
-3938 0
-3922 1
-3905 0
-3887 0
-3870 1
-3853 0
-3836 1
-3818 0
-3801 0
-3783 0
-3766 1
-3748 0
-3731 1
-3713 0
-3695 1
-3677 0
-3659 0
-3641 1
-3623 0
-3605 1
-3586 0
-3568 0
-3549 0
-3530 1
-3512 0
-3493 1
-3474 0
-3455 1
-3436 0
-3416 0
-3397 1
-3377 0
-3357 0
-3338 1
-3318 0
-3298 1
-3277 0
-3257 1
-3237 0
-3216 0
-3195 1
-3174 0
-3153 0
-3132 1
-3111 0
-3089 1
-3068 0
-3046 0
-3024 0
-3002 1
-2980 1
-2957 0
-2935 0
-2912 1
-2889 0
-2866 1
-2843 0
-2819 0
-2796 1
-2772 0
-2748 1
-2724 0
-2700 1
-2676 0
-2651 0
-2626 1
-2601 0
-2576 0
-2551 1
-2526 0
-2500 1
-2475 0
-2449 1
-2423 0
-2396 0
-2370 1
-2343 0
-2317 1
-2290 0
-2263 0
-2235 1
-2208 0
-2181 1
-2153 0
-2125 1
-2097 0
-2069 0
-2040 1
-2012 0
-1983 1
-1954 0
-1925 1
-1896 0
-1867 1
-1838 0
-1808 0
-1778 1
-1749 0
-1719 0
-1689 1
-1658 0
-1628 1
-1597 0
-1567 1
-1536 0
-1505 1
-1474 0
-1443 1
-1411 0
-1380 1
-1348 0
-1317 1
-1285 0
-1253 0
-1221 1
-1189 0
-1157 0
-1124 1
-1092 0
-1059 1
-1027 0
-994 1
-961 0
-928 1
-895 0
-862 1
-829 0
-795 1
-762 0
-729 1
-695 0
-661 1
-628 0
-594 0
-560 1
-526 0
-492 1
-458 0
-424 1
-389 0
-355 1
-321 0
-286 1
-252 0
-217 0
-182 1
-147 1
-112 0
-77 1
-42 0
-7 1
29 0
64 0
100 1
136 0
172 1
208 1
244 0
280 1
316 0
353 0
389 1
426 0
462 1
499 1
536 0
573 0
610 1
647 0
684 1
721 1
758 0
795 0
832 1
869 1
906 0
944 1
981 0
1018 0
1056 1
1093 0
1130 1
1167 1
1205 0
1242 1
1279 0
1316 1
1353 0
1390 1
1428 1
1465 0
1501 0
1538 1
1575 0
1612 1
1649 1
1685 0
1722 0
1758 1
1795 1
1831 0
1867 1
1903 0
1939 1
1975 0
2011 1
2046 0
2082 1
2117 1
2152 0
2187 1
2222 0
2257 1
2292 0
2326 1
2361 1
2395 0
2429 1
2463 0
2496 0
2530 1
2563 1
2596 0
2629 1
2662 1
2695 0
2727 1
2760 0
2792 1
2824 0
2856 1
2887 0
2919 1
2950 1
2981 0
3012 1
3043 0
3073 1
3103 1
3134 0
3163 1
3193 0
3223 1
3252 1
3281 0
3310 0
3339 1
3368 1
3397 1
3425 0
3453 1
3481 0
3509 1
3537 0
3564 1
3591 0
3619 1
3646 1
3673 1
3699 0
3726 0
3752 1
3779 1
3805 1
3831 0
3858 1
3884 0
3910 1
3936 0
3961 1
3987 0
4013 1
4038 1
4064 1
4089 0
4114 1
4140 0
4165 1
4190 1
4215 0
4239 1
4264 1
4289 0
4313 1
4338 0
4362 1
4386 0
4410 1
4434 1
4457 0
4480 1
4503 1
4526 0
4549 1
4571 1
4594 0
4616 1
4637 0
4659 1
4680 1
4702 0
4722 1
4743 1
4764 0
4784 1
4804 1
4823 0
4843 1
4862 0
4881 1
4900 1
4918 0
4936 1
4954 1
4972 0
4989 1
5007 1
5024 0
5040 1
5057 1
5073 0
5089 1
5104 0
5120 1
5135 1
5150 0
5164 1
5179 1
5193 1
5206 0
5220 1
5233 0
5246 1
5259 0
5271 1
5284 1
5296 1
5307 0
5319 1
5330 0
5341 1
5352 1
5362 1
5373 1
5383 0
5393 1
5402 0
5411 1
5420 0
5429 1
5438 1
5446 0
5455 1
5462 1
5470 0
5478 1
5485 1
5492 1
5499 0
5506 1
5512 1
5518 0
5524 1
5530 0
5536 1
5541 1
5547 1
5552 0
5557 1
5561 0
5566 1
5570 1
5574 0
5578 1
5582 1
5586 0
5589 1
5593 1
5596 1
5599 0
5602 1
5604 1
5607 0
5609 1
5611 0
5613 1
5615 1
5617 0
5619 1
5620 1
5622 1
5623 0
5624 1
5625 1
5625 0
5626 1
5627 1
5627 0
5627 1
5627 0
5627 1
5627 1
5626 0
5625 1
5624 1
5623 1
5622 1
5620 0
5618 1
5616 0
5614 1
5611 0
5608 1
5605 1
5602 1
5599 0
5595 1
5592 0
5588 1
5583 1
5579 1
5575 1
5570 0
5565 1
5560 0
5555 1
5549 1
5544 1
5538 0
5532 1
5526 0
5519 1
5513 0
5506 1
5500 1
5493 1
5486 0
5479 1
5471 1
5464 0
5456 1
5449 1
5441 1
5433 0
5425 1
5417 0
5409 1
5400 1
5392 0
5383 1
5375 1
5366 1
5357 0
5348 1
5339 0
5330 1
5321 1
5311 0
5302 1
5293 1
5283 0
5274 1
5264 1
5254 0
5245 1
5235 1
5225 1
5215 0
5205 1
5195 0
5185 1
5175 1
5165 0
5155 1
5144 0
5134 1
5124 1
5113 1
5103 0
5092 1
5082 1
5071 1
5060 0
5050 1
5039 0
5028 1
5017 1
5006 0
4995 1
4984 0
4973 1
4962 1
4950 1
4939 0
4927 1
4916 0
4904 1
4893 1
4881 0
4869 1
4857 1
4845 0
4833 1
4821 1
4808 0
4796 1
4783 1
4771 1
4758 0
4745 1
4732 0
4718 1
4705 1
4691 0
4678 1
4664 0
4650 1
4636 1
4622 0
4607 1
4593 1
4578 0
4564 1
4549 1
4534 0
4518 1
4503 1
4488 0
4472 1
4456 1
4440 0
4423 1
4407 0
4390 1
4373 1
4356 0
4338 1
4320 1
4302 0
4284 1
4265 1
4246 0
4227 1
4208 0
4188 1
4168 1
4148 0
4128 1
4107 1
4086 0
4065 1
4044 1
4022 0
4001 1
3978 1
3956 0
3933 1
3910 0
3887 1
3864 0
3840 1
3816 1
3791 0
3767 1
3742 1
3716 0
3691 1
3665 0
3639 1
3612 1
3585 1
3558 0
3531 1
3503 0
3475 1
3446 1
3418 0
3389 1
3359 0
3330 1
3300 0
3270 1
3239 1
3208 1
3177 0
3145 1
3114 0
3082 1
3049 0
3016 1
2983 1
2950 0
2917 1
2883 0
2848 1
2814 0
2779 1
2744 1
2709 1
2673 0
2637 1
2601 0
2565 1
2528 1
2491 0
2454 1
2417 0
2379 1
2341 0
2303 1
2265 0
2226 1
2187 0
2148 1
2109 1
2069 1
2029 0
1989 1
1949 0
1909 1
1868 0
1828 1
1787 0
1746 1
1704 1
1663 0
1621 1
1579 0
1537 1
1495 0
1453 1
1410 1
1368 0
1325 1
1282 0
1239 1
1196 0
1153 1
1109 0
1066 1
1022 0
978 1
935 1
891 0
846 1
802 0
758 1
714 0
669 1
625 0
580 1
535 1
491 0
446 1
401 0
356 1
311 0
266 1
220 0
175 0
130 1
84 1
38 0
-7 0
-53 1
-99 1
-145 0
-191 1
-237 1
-283 0
-330 0
-376 1
-422 1
-469 0
-515 0
-562 1
-609 0
-655 1
-702 0
-749 1
-796 1
-843 0
-890 0
-937 1
-984 0
-1032 1
-1079 0
-1126 1
-1174 0
-1221 1
-1269 0
-1316 1
-1364 0
-1411 1
-1459 0
-1507 1
-1554 0
-1602 0
-1650 1
-1698 0
-1746 1
-1794 0
-1841 1
-1889 1
-1937 0
-1985 0
-2033 1
-2081 0
-2129 1
-2178 0
-2226 1
-2274 0
-2322 0
-2370 1
-2418 0
-2466 1
-2514 0
-2562 1
-2610 0
-2659 0
-2707 1
-2755 1
-2803 0
-2851 0
-2899 1
-2947 0
-2995 0
-3043 1
-3090 0
-3138 1
-3186 0
-3234 1
-3281 0
-3329 1
-3377 0
-3424 0
-3472 1
-3519 0
-3566 1
-3614 0
-3661 1
-3708 0
-3755 0
-3802 0
-3848 1
-3895 0
-3942 1
-3988 0
-4034 1
-4081 0
-4127 0
-4173 1
-4218 0
-4264 1
-4310 0
-4355 0
-4400 1
-4445 0
-4490 1
-4535 0
-4579 0
-4623 0
-4668 1
-4711 0
-4755 1
-4799 0
-4842 1
-4885 0
-4928 0
-4970 1
-5013 0
-5055 0
-5097 1
-5138 0
-5180 0
-5221 1
-5261 0
-5302 0
-5342 1
-5382 0
-5422 1
-5461 0
-5500 0
-5539 1
-5577 0
-5615 0
-5653 1
-5690 0
-5727 0
-5764 0
-5800 1
-5836 0
-5871 1
-5906 0
-5941 0
-5975 1
-6009 0
-6043 1
-6076 0
-6109 0
-6141 0
-6174 0
-6205 1
-6237 0
-6267 1
-6298 0
-6328 0
-6358 1
-6387 0
-6416 0
-6444 0
-6472 1
-6500 0
-6527 0
-6553 1
-6580 0
-6605 0
-6631 1
-6656 0
-6680 0
-6704 1
-6727 0
-6750 0
-6773 1
-6795 0
-6817 0
-6838 1
-6858 0
-6878 0
-6898 0
-6917 0
-6936 1
-6954 0
-6971 0
-6988 1
-7005 0
-7021 1
-7036 0
-7051 0
-7066 0
-7080 0
-7093 1
-7106 0
-7118 1
-7130 0
-7141 0
-7152 0
-7162 0
-7171 1
-7180 0
-7188 1
-7196 0
-7204 0
-7210 0
-7216 0
-7222 1
-7227 0
-7231 0
-7235 1
-7238 0
-7241 1
-7243 0
-7244 0
-7245 0
-7245 0
-7245 1
-7244 0
-7242 0
-7240 0
-7237 1
-7234 0
-7230 0
-7226 0
-7220 1
-7215 0
-7208 1
-7201 0
-7193 0
-7185 0
-7176 1
-7167 0
-7157 0
-7146 0
-7135 1
-7123 0
-7110 0
-7097 1
-7083 0
-7068 0
-7053 1
-7038 0
-7021 0
-7004 0
-6987 0
-6968 0
-6950 1
-6930 0
-6910 1
-6889 0
-6868 0
-6846 0
-6823 1
-6800 0
-6776 0
-6752 1
-6727 0
-6701 0
-6675 1
-6648 0
-6621 0
-6592 0
-6564 1
-6534 0
-6504 0
-6474 1
-6443 0
-6411 0
-6379 0
-6346 0
-6313 1
-6279 0
-6244 0
-6209 1
-6174 0
-6137 1
-6101 0
-6063 0
-6025 1
-5987 0
-5948 0
-5908 0
-5868 0
-5828 1
-5786 0
-5745 0
-5702 1
-5659 0
-5616 1
-5572 0
-5527 0
-5482 0
-5437 0
-5390 1
-5344 0
-5296 1
-5249 0
-5200 1
-5151 0
-5102 0
-5052 0
-5001 0
-4950 1
-4899 0
-4847 1
-4794 0
-4741 0
-4687 1
-4633 0
-4578 0
-4523 1
-4467 0
-4411 0
-4354 0
-4297 1
-4239 0
-4181 1
-4122 0
-4062 0
-4003 1
-3942 0
-3882 1
-3820 0
-3759 0
-3696 0
-3634 1
-3571 0
-3507 1
-3443 0
-3379 0
-3314 1
-3248 0
-3182 1
-3116 0
-3050 0
-2982 1
-2915 0
-2847 1
-2779 0
-2710 0
-2641 0
-2572 1
-2502 0
-2431 1
-2361 0
-2290 0
-2219 1
-2147 0
-2075 1
-2003 0
-1930 1
-1857 0
-1784 0
-1711 1
-1637 0
-1563 1
-1489 0
-1414 1
-1339 0
-1264 1
-1189 0
-1114 0
-1038 1
-962 0
-886 1
-810 0
-733 0
-657 1
-580 0
-503 1
-426 0
-349 1
-272 0
-195 1
-117 0
-40 1
38 0
115 0
193 1
270 1
348 0
425 0
503 1
580 0
657 1
734 0
811 1
888 1
965 0
1041 0
1118 1
1194 1
1270 0
1346 0
1422 1
1498 0
1573 1
1648 1
1723 0
1798 1
1873 0
1947 0
2021 1
2095 1
2169 0
2242 1
2316 0
2389 1
2462 0
2535 1
2607 0
2679 1
2751 1
2823 0
2895 1
2966 0
3038 1
3108 0
3179 1
3249 0
3320 1
3389 1
3459 0
3528 1
3597 0
3666 1
3734 1
3802 0
3870 1
3937 0
4004 1
4071 0
4137 1
4203 1
4269 0
4334 1
4399 1
4464 0
4528 1
4592 0
4655 1
4718 1
4780 0
4842 1
4904 0
4965 1
5026 1
5086 0
5146 1
5205 1
5264 0
5323 1
5380 0
5438 1
5494 1
5551 0
5606 1
5662 1
5716 0
5770 1
5824 1
5877 0
5929 1
5981 1
6032 0
6082 1
6132 1
6181 0
6230 1
6278 1
6325 1
6371 0
6417 1
6462 0
6507 1
6551 0
6594 1
6636 1
6678 1
6719 0
6759 1
6798 1
6837 1
6875 0
6912 1
6948 1
6984 0
7019 1
7053 1
7086 0
7118 1
7149 1
7180 0
7210 1
7239 1
7267 1
7294 0
7321 1
7346 1
7371 0
7395 1
7418 1
7440 1
7461 0
7481 1
7501 1
7519 1
7537 0
7554 1
7569 1
7584 0
7598 1
7611 1
7623 0
7635 1
7645 1
7654 1
7663 0
7670 1
7677 1
7682 1
7687 0
7691 1
7694 1
7696 1
7698 0
7698 1
7697 1
7696 1
7693 0
7690 1
7686 0
7681 1
7675 1
7669 1
7661 1
7652 0
7643 1
7633 1
7622 1
7610 0
7597 1
7583 1
7569 1
7553 0
7537 1
7520 1
7502 0
7484 1
7464 1
7444 0
7423 1
7401 1
7378 1
7354 1
7330 0
7305 1
7279 1
7252 1
7225 0
7197 1
7168 1
7138 0
7107 1
7076 1
7044 0
7012 1
6978 1
6944 1
6909 1
6874 0
6837 1
6801 1
6763 0
6725 1
6686 1
6646 1
6606 0
6565 1
6524 0
6482 1
6439 1
6395 1
6351 1
6307 0
6262 1
6216 1
6170 0
6123 1
6075 1
6027 0
5979 1
5930 1
5880 1
5830 0
5779 1
5728 0
5677 1
5625 1
5572 1
5519 1
5465 0
5411 1
5357 0
5302 1
5247 1
5191 0
5135 1
5078 1
5021 1
4964 0
4906 1
4848 1
4790 0
4731 1
4672 1
4612 0
4552 1
4492 0
4431 1
4371 1
4309 0
4248 1
4186 1
4124 0
4062 1
3999 1
3937 1
3873 0
3810 1
3747 0
3683 1
3619 1
3555 0
3490 1
3426 0
3361 1
3296 1
3231 0
3165 1
3100 0
3034 1
2968 1
2902 1
2836 0
2770 1
2704 1
2638 0
2571 0
2505 1
2438 1
2371 0
2305 1
2238 1
2171 0
2104 1
2037 0
1970 1
1903 0
1836 1
1769 0
1702 1
1635 1
1569 0
1502 1
1435 0
1369 1
1302 1
1236 0
1170 1
1104 1
1038 0
972 1
906 0
841 0
775 1
710 1
645 0
580 1
516 0
452 1
387 0
324 1
260 0
197 1
133 1
71 0
8 0
-54 1
-116 1
-178 0
-239 0
-301 1
-361 1
-422 0
-482 1
-542 0
-601 1
-660 0
-719 1
-777 0
-835 1
-892 0
-949 1
-1006 0
-1062 1
-1118 0
-1173 0
-1228 1
-1283 1
-1337 0
-1391 1
-1444 0
-1496 0
-1549 1
-1600 1
-1651 0
-1702 0
-1752 1
-1802 1
-1851 0
-1900 0
-1948 1
-1995 0
-2043 1
-2089 0
-2135 0
-2180 1
-2225 0
-2269 1
-2313 0
-2356 1
-2399 1
-2440 0
-2482 0
-2522 1
-2563 0
-2602 0
-2641 1
-2679 0
-2717 1
-2754 0
-2790 1
-2826 0
-2861 0
-2895 1
-2929 1
-2962 0
-2995 0
-3027 1
-3058 0
-3088 0
-3118 1
-3148 0
-3176 1
-3204 0
-3231 1
-3257 0
-3283 0
-3308 1
-3333 0
-3356 1
-3379 0
-3402 0
-3423 1
-3444 0
-3464 1
-3484 0
-3503 0
-3521 1
-3538 0
-3555 1
-3571 0
-3586 0
-3601 1
-3615 0
-3628 1
-3640 0
-3652 1
-3663 0
-3674 0
-3684 1
-3693 0
-3701 0
-3709 1
-3716 0
-3723 0
-3729 1
-3734 0
-3738 1
-3742 0
-3745 1
-3748 0
-3749 0
-3750 1
-3751 0
-3750 1
-3749 0
-3748 0
-3745 0
-3742 1
-3738 0
-3734 1
-3728 0
-3723 1
-3716 0
-3709 0
-3700 1
-3692 0
-3682 0
-3672 1
-3661 0
-3650 1
-3637 0
-3624 0
-3611 1
-3596 0
-3581 1
-3565 0
-3549 0
-3532 1
-3514 0
-3495 1
-3476 0
-3456 0
-3435 1
-3413 0
-3391 0
-3368 1
-3345 0
-3320 1
-3295 0
-3270 0
-3243 0
-3216 1
-3188 1
-3160 0
-3131 0
-3101 1
-3070 0
-3039 1
-3007 0
-2975 0
-2942 1
-2908 0
-2873 0
-2838 1
-2802 1
-2766 0
-2729 0
-2691 1
-2653 0
-2614 0
-2574 1
-2534 0
-2493 0
-2452 1
-2410 0
-2367 1
-2324 0
-2281 1
-2236 0
-2192 0
-2146 1
-2100 0
-2054 1
-2007 0
-1960 1
-1912 0
-1863 1
-1815 0
-1765 0
-1715 1
-1665 0
-1614 0
-1563 1
-1512 0
-1460 1
-1408 0
-1355 1
-1302 0
-1248 1
-1194 0
-1140 0
-1086 1
-1031 1
-976 0
-921 0
-865 1
-809 0
-753 0
-696 1
-640 1
-583 0
-525 0
-468 1
-410 1
-352 0
-294 0
-235 1
-177 0
-118 1
-59 0
0 1
59 0
118 1
178 0
237 0
296 1
356 1
415 0
475 0
534 1
594 1
653 0
712 1
771 0
831 1
890 0
949 0
1009 1
1068 1
1127 0
1186 1
1245 0
1303 0
1362 1
1421 1
1479 0
1537 1
1595 0
1653 0
1711 1
1769 1
1826 1
1883 0
1940 0
1997 1
2053 1
2110 0
2166 1
2221 0
2277 0
2332 1
2387 1
2441 0
2496 1
2549 1
2603 0
2656 0
2709 1
2762 1
2814 0
2866 1
2918 0
2969 1
3019 1
3070 0
3120 1
3169 0
3219 1
3268 0
3316 1
3364 0
3411 1
3459 0
3505 1
3552 1
3598 1
3643 0
3688 1
3732 0
3777 1
3820 1
3863 0
3906 1
3948 0
3990 1
4032 0
4072 1
4113 0
4153 1
4192 1
4231 1
4270 0
4308 1
4346 0
4383 1
4419 1
4455 0
4491 1
4526 0
4561 1
4595 1
4629 0
4662 1
4695 1
4727 0
4759 1
4790 0
4821 1
4852 1
4882 0
4911 1
4940 0
4968 1
4996 1
5024 1
5051 0
5077 1
5103 1
5129 0
5154 1
5178 1
5202 0
5226 0
5249 1
5272 1
5294 1
5315 0
5337 1
5357 1
5377 0
5397 1
5416 1
5435 0
5453 1
5471 0
5489 1
5505 1
5522 1
5538 0
5553 1
5568 0
5582 1
5596 1
5609 0
5622 1
5634 1
5646 1
5657 0
5668 1
5678 1
5688 0
5697 1
5706 1
5714 0
5721 1
5728 1
5735 0
5741 1
5747 0
5752 1
5756 0
5760 1
5764 1
5767 1
5769 1
5771 0
5772 1
5773 1
5774 1
5773 0
5773 1
5772 0
5770 1
5768 0
5765 1
5762 1
5758 1
5754 0
5749 1
5744 1
5738 1
5732 0
5725 1
5718 0
5710 1
5702 1
5693 0
5684 1
5674 1
5664 0
5654 1
5643 1
5631 0
5619 1
5606 1
5593 1
5580 0
5566 1
5551 1
5537 0
5521 1
5505 1
5489 0
5473 1
5455 0
5438 1
5420 1
5402 0
5383 1
5364 1
5344 1
5324 1
5303 0
5282 1
5261 0
5240 1
5218 0
5195 1
5172 1
5149 1
5126 0
5102 1
5077 0
5053 1
5028 1
5003 1
4977 0
4951 1
4925 1
4898 1
4872 0
4844 0
4817 1
4789 1
4761 1
4733 0
4704 1
4676 0
4647 1
4617 0
4588 1
4558 1
4528 1
4498 0
4468 1
4437 1
4406 1
4375 0
4344 1
4313 0
4281 1
4250 1
4218 0
4186 1
4154 0
4122 1
4090 1
4057 0
4024 1
3991 1
3958 0
3925 1
3892 0
3859 1
3825 1
3792 0
3758 1
3724 1
3691 0
3657 1
3623 1
3590 0
3556 1
3522 1
3488 0
3455 1
3421 0
3388 1
3354 1
3321 0
3288 0
3255 1
3221 1
3188 1
3156 0
3123 1
3090 0
3058 1
3025 0
2993 1
2961 1
2929 1
2898 0
2866 1
2835 0
2804 1
2773 0
2743 1
2713 1
2683 0
2653 1
2623 1
2594 0
2565 0
2536 1
2508 1
2480 0
2452 1
2425 1
2398 0
2371 1
2344 0
2318 1
2293 0
2267 1
2242 1
2217 0
2193 1
2169 0
2146 1
2122 0
2100 1
2077 1
2055 0
2033 1
2012 0
1991 1
1971 0
1951 1
1931 1
1912 0
1893 1
1874 0
1856 1
1839 1
1822 0
1805 1
1789 0
1773 1
1757 0
1742 1
1727 0
1713 1
1699 0
1686 1
1673 1
1660 0
1648 1
1636 0
1625 1
1614 0
1604 1
1594 1
1584 0
1575 0
1566 1
1558 1
1550 0
1542 1
1535 0
1528 1
1522 1
1516 0
1510 1
1505 0
1500 1
1496 0
1492 1
1489 0
1486 1
1483 0
1480 1
1479 0
1477 1
1476 0
1475 1
1475 1
1475 0
1475 1
1476 0
1477 1
1478 1
1480 0
1483 1
1485 0
1488 1
1492 0
1495 1
1500 0
1504 1
1509 0
1514 1
1520 0
1526 1
1532 0
1539 1
1546 0
1554 1
1561 1
1570 0
1578 1
1587 0
1597 1
1607 0
1617 1
1627 1
1638 0
1650 1
1661 0
1673 1
1686 0
1699 1
1712 0
1726 1
1740 1
1754 0
1769 0
1784 1
1800 1
1815 0
1832 1
1849 0
1866 1
1883 0
1901 1
1919 0
1938 1
1957 0
1976 1
1996 1
2016 0
2037 1
2058 0
2079 1
2101 0
2123 1
2146 1
2169 0
2192 1
2216 1
2240 0
2264 1
2289 0
2314 0
2340 1
2365 1
2392 0
2418 0
2445 1
2473 1
2501 0
2529 1
2557 1
2586 0
2615 1
2645 0
2675 1
2705 0
2736 1
2767 0
2798 1
2829 1
2861 0
2894 1
2926 1
2959 0
2992 1
3026 0
3060 1
3094 0
3128 1
3163 0
3198 1
3233 1
3269 0
3305 1
3341 0
3377 1
3414 1
3451 0
3488 1
3525 1
3563 0
3601 1
3639 0
3677 0
3716 1
3754 1
3793 0
3832 1
3871 1
3911 1
3950 0
3990 0
4030 1
4070 1
4110 0
4150 1
4190 1
4230 0
4271 1
4311 1
4352 0
4393 1
4433 0
4474 1
4515 1
4556 0
4597 1
4637 0
4678 1
4719 0
4760 1
4801 1
4842 1
4882 0
4923 1
4964 0
5005 1
5045 1
5086 1
5126 0
5166 1
5207 0
5247 1
5287 0
5326 1
5366 1
5405 1
5445 0
5484 1
5523 0
5561 1
5600 1
5638 1
5676 0
5714 1
5751 0
5789 1
5826 1
5863 0
5900 1
5936 1
5972 0
6008 1
6044 1
6080 0
6115 1
6150 1
6184 0
6218 1
6252 1
6286 1
6319 0
6352 1
6385 1
6417 0
6449 1
6481 0
6512 1
6543 1
6573 1
6603 0
6633 1
6662 1
6691 0
6720 1
6748 1
6776 0
6803 1
6830 1
6856 0
6882 1
6907 1
6932 1
6957 0
6981 1
7005 1
7028 0
7051 1
7073 1
7095 1
7116 0
7137 1
7157 1
7177 1
7196 0
7215 1
7233 1
7251 0
7268 1
7285 0
7301 1
7317 1
7332 1
7346 0
7360 1
7374 1
7387 1
7399 0
7411 1
7423 1
7433 1
7444 0
7453 1
7463 1
7471 0
7479 1
7487 1
7494 1
7500 0
7506 1
7511 1
7516 1
7520 0
7524 1
7527 1
7529 0
7531 1
7532 1
7533 0
7533 1
7533 1
7532 1
7530 1
7528 1
7526 0
7522 1
7518 0
7514 1
7509 1
7503 0
7497 1
7491 1
7483 1
7475 1
7467 0
7458 1
7449 1
7438 0
7428 1
7416 1
7405 1
7392 0
7379 1
7366 1
7351 1
7337 0
7321 1
7306 1
7289 0
7272 1
7255 1
7237 1
7218 0
7199 1
7179 1
7159 1
7138 0
7116 1
7094 1
7072 1
7049 0
7025 1
7001 1
6976 0
6951 1
6925 0
6898 1
6871 1
6844 1
6816 1
6787 1
6758 0
6728 1
6698 0
6667 1
6636 1
6604 1
6571 0
6538 1
6505 1
6471 1
6436 0
6401 1
6365 1
6329 0
6293 1
6256 1
6218 0
6180 1
6141 1
6102 0
6062 1
6022 1
5981 1
5940 1
5898 0
5856 1
5813 0
5770 1
5727 1
5683 1
5638 0
5593 1
5547 0
5502 1
5455 1
5408 1
5361 0
5313 1
5265 1
5216 0
5167 1
5118 1
5068 0
5018 1
4967 1
4916 0
4864 1
4812 1
4760 0
4707 1
4654 1
4601 1
4547 0
4493 1
4438 0
4383 1
4328 0
4273 1
4217 1
4161 1
4104 0
4047 1
3990 1
3933 0
3875 1
3817 0
3759 1
3701 1
3642 0
3583 1
3524 1
3464 0
3405 1
3345 1
3285 0
3224 1
3164 0
3103 1
3042 0
2981 1
2920 1
2859 1
2797 0
2736 1
2674 0
2612 1
2550 1
2488 0
2426 1
2364 0
2302 1
2240 0
2177 1
2115 0
2053 1
1990 1
1928 1
1865 0
1802 1
1739 0
1677 1
1614 0
1551 1
1489 0
1426 1
1363 0
1301 1
1238 1
1176 0
1114 1
1052 1
990 0
928 1
866 0
804 1
743 0
682 1
621 0
560 0
499 1
439 1
378 0
318 1
259 1
199 0
140 1
81 0
22 0
-37 1
-95 1
-153 0
-211 1
-268 0
-325 1
-381 0
-438 1
-494 0
-549 0
-605 1
-659 1
-714 0
-768 1
-822 0
-875 1
-928 0
-980 1
-1032 0
-1083 1
-1134 1
-1185 0
-1235 0
-1285 1
-1334 0
-1383 0
-1431 1
-1479 0
-1526 1
-1573 0
-1619 1
-1665 0
-1710 1
-1754 1
-1798 0
-1842 0
-1885 1
-1927 0
-1969 1
-2011 0
-2051 1
-2092 0
-2131 1
-2170 0
-2209 0
-2247 1
-2284 0
-2321 1
-2357 0
-2393 0
-2428 1
-2462 0
-2496 1
-2529 0
-2562 1
-2594 1
-2625 0
-2656 0
-2687 1
-2716 0
-2745 0
-2773 1
-2801 0
-2828 1
-2855 0
-2881 0
-2906 1
-2931 0
-2955 1
-2978 0
-3001 1
-3023 0
-3045 1
-3066 0
-3086 1
-3106 0
-3125 0
-3144 0
-3161 1
-3179 0
-3195 1
-3211 0
-3227 0
-3241 1
-3256 0
-3269 1
-3282 0
-3294 1
-3306 0
-3317 1
-3327 0
-3337 0
-3346 1
-3355 0
-3363 0
-3370 1
-3377 0
-3383 1
-3388 0
-3393 1
-3397 0
-3401 0
-3404 1
-3406 0
-3408 1
-3409 0
-3410 0
-3409 0
-3409 1
-3407 0
-3405 1
-3402 0
-3398 1
-3394 0
-3389 0
-3383 1
-3377 0
-3369 1
-3362 0
-3353 0
-3344 1
-3335 0
-3324 1
-3313 0
-3302 1
-3289 0
-3277 0
-3263 0
-3249 1
-3234 0
-3219 1
-3202 0
-3186 1
-3169 0
-3151 1
-3132 0
-3113 0
-3093 0
-3073 1
-3052 0
-3031 1
-3009 0
-2986 1
-2963 0
-2940 0
-2915 0
-2891 1
-2866 1
-2840 0
-2813 0
-2787 1
-2759 0
-2731 1
-2703 0
-2674 1
-2645 0
-2615 0
-2585 1
-2554 0
-2523 0
-2492 1
-2460 0
-2427 1
-2394 0
-2361 0
-2327 1
-2293 0
-2258 1
-2223 0
-2188 1
-2152 0
-2116 1
-2080 0
-2043 0
-2006 1
-1968 0
-1930 0
-1892 1
-1854 1
-1815 0
-1776 0
-1736 1
-1696 0
-1656 0
-1616 1
-1575 1
-1534 0
-1493 0
-1451 1
-1409 0
-1367 1
-1325 0
-1282 1
-1240 0
-1197 0
-1153 1
-1110 0
-1066 1
-1022 0
-978 1
-934 0
-889 0
-844 1
-799 0
-754 1
-709 1
-663 0
-618 1
-572 0
-526 0
-479 1
-433 0
-387 1
-340 0
-293 1
-246 0
-199 0
-152 1
-104 0
-57 1
-9 1
38 0
86 1
134 0
182 0
230 1
278 0
327 1
375 0
423 1
472 0
520 1
569 1
617 0
666 0
715 1
764 0
812 1
861 1
910 0
959 0
1008 1
1057 0
1106 1
1156 1
1205 0
1254 0
1303 1
1352 1
1401 0
1450 1
1499 0
1548 0
1596 1
1645 1
1694 0
1742 1
1790 0
1839 1
1887 0
1935 1
1983 0
2031 1
2079 0
2127 1
2174 1
2222 0
2269 1
2316 1
2363 0
2410 1
2456 0
2503 0
2549 1
2595 1
2641 0
2687 1
2732 0
2778 0
2823 1
2868 1
2912 1
2957 0
3001 1
3045 0
3089 1
3132 0
3176 1
3219 0
3261 1
3304 1
3346 1
3388 0
3429 1
3471 0
3512 1
3552 0
3593 1
3633 0
3672 1
3712 1
3751 0
3790 1
3828 0
3866 1
3904 1
3941 0
3978 1
4014 1
4050 0
4086 1
4122 0
4157 1
4191 0
4225 1
4259 1
4292 0
4325 1
4358 1
4390 0
4421 1
4453 0
4483 1
4513 1
4543 0
4573 1
4601 1
4630 0
4658 1
4685 0
4712 1
4738 1
4764 1
4790 0
4815 1
4839 0
4863 1
4886 0
4909 1
4932 1
4953 1
4975 0
4995 1
5016 0
5035 1
5054 1
5073 0
5091 1
5109 1
5126 0
5142 1
5158 0
5173 1
5188 1
5202 1
5216 0
5229 1
5241 0
5253 1
5264 1
5275 1
5285 0
5295 1
5304 0
5313 1
5320 1
5328 0
5335 1
5341 1
5346 1
5351 0
5356 1
5360 0
5363 1
5366 0
5368 1
5370 1
5371 1
5371 0
5371 1
5371 1
5370 0
5368 1
5366 1
5363 0
5359 1
5355 1
5351 0
5346 1
5340 1
5334 0
5328 1
5321 0
5313 1
5305 1
5296 1
5287 0
5277 1
5267 1
5256 0
5245 1
5233 1
5220 0
5208 1
5194 1
5180 0
5166 1
5151 0
5136 1
5120 1
5104 0
5088 1
5070 1
5053 1
5035 0
5016 1
4997 0
4978 1
4958 1
4938 1
4917 0
4896 1
4874 1
4852 0
4830 1
4807 0
4784 1
4760 0
4736 1
4712 1
4687 1
4661 0
4636 1
4610 1
4583 0
4557 1
4530 1
4502 0
4474 1
4446 1
4417 0
4388 1
4359 0
4330 1
4300 1
4269 0
4239 1
4208 0
4177 1
4145 1
4113 1
4081 0
4048 1
4015 1
3982 0
3949 1
3915 0
3881 1
3847 1
3812 0
3777 1
3742 1
3707 0
3671 1
3635 0
3599 1
3562 0
3525 1
3488 1
3451 1
3413 0
3376 1
3337 0
3299 1
3261 0
3222 1
3183 1
3143 1
3104 0
3064 1
3024 0
2983 1
2943 0
2901 1
2860 1
2819 0
2777 1
2735 1
2692 0
2650 1
2607 0
2564 1
2520 0
2477 1
2433 1
2389 0
2345 1
2301 0
2257 1
2212 1
2167 0
2122 1
2077 0
2032 1
1987 0
1942 1
1896 0
1851 1
1805 1
1760 1
1714 0
1669 1
1623 0
1577 1
1532 0
1486 1
1440 0
1394 1
1349 0
1303 1
1257 0
1212 1
1166 1
1121 0
1075 1
1030 0
984 1
939 1
894 0
849 1
804 0
758 1
714 0
669 0
624 1
579 1
535 0
490 1
446 0
402 1
358 0
314 1
270 1
226 0
183 0
139 1
96 1
53 0
10 1
-33 0
-76 0
-118 1
-161 1
-203 0
-245 1
-288 0
-329 1
-371 0
-413 1
-454 0
-496 0
-537 1
-578 1
-619 0
-660 1
-700 0
-741 1
-781 0
-821 1
-861 0
-901 1
-941 0
-980 1
-1020 0
-1059 1
-1098 0
-1137 1
-1176 0
-1215 0
-1254 1
-1292 0
-1331 1
-1369 0
-1407 1
-1445 0
-1483 1
-1521 0
-1559 1
-1596 0
-1634 1
-1671 0
-1708 0
-1745 1
-1782 1
-1819 0
-1856 1
-1893 0
-1929 1
-1966 0
-2002 0
-2038 1
-2074 0
-2110 1
-2146 0
-2182 1
-2218 0
-2253 0
-2289 1
-2324 0
-2359 0
-2394 1
-2430 1
-2464 0
-2499 0
-2534 1
-2569 0
-2603 1
-2638 1
-2672 0
-2706 0
-2740 1
-2773 0
-2807 0
-2840 1
-2874 0
-2907 1
-2940 0
-2972 1
-3005 0
-3037 0
-3069 1
-3101 0
-3133 1
-3165 0
-3196 0
-3227 1
-3259 0
-3289 1
-3320 0
-3351 1
-3381 0
-3411 0
-3441 1
-3471 0
-3500 0
-3530 1
-3559 1
-3588 0
-3617 0
-3645 1
-3674 0
-3702 0
-3730 1
-3758 0
-3785 0
-3813 1
-3840 0
-3867 1
-3894 0
-3920 1
-3946 0
-3973 1
-3999 0
-4024 0
-4050 0
-4075 1
-4100 0
-4125 1
-4150 0
-4174 0
-4199 1
-4223 0
-4246 1
-4270 0
-4293 0
-4317 1
-4340 0
-4362 0
-4385 1
-4407 0
-4429 0
-4451 1
-4473 1
-4494 0
-4516 0
-4537 0
-4557 1
-4578 0
-4598 1
-4618 0
-4638 0
-4658 1
-4678 0
-4697 0
-4716 1
-4735 0
-4753 0
-4771 1
-4790 0
-4807 1
-4825 0
-4843 0
-4860 1
-4877 0
-4894 0
-4910 1
-4926 0
-4943 0
-4958 1
-4974 0
-4989 0
-5005 1
-5020 0
-5034 1
-5049 0
-5063 0
-5077 1
-5091 0
-5104 0
-5118 1
-5131 0
-5144 1
-5156 0
-5169 0
-5181 0
-5193 1
-5205 0
-5216 0
-5228 0
-5239 1
-5249 0
-5260 1
-5270 0
-5281 1
-5290 0
-5300 0
-5309 1
-5318 0
-5327 0
-5336 0
-5344 1
-5352 0
-5360 1
-5368 0
-5375 0
-5382 1
-5389 0
-5395 1
-5402 0
-5408 0
-5414 0
-5419 0
-5425 1
-5430 0
-5435 0
-5440 1
-5444 0
-5448 1
-5452 0
-5456 0
-5460 1
-5463 0
-5466 1
-5469 0
-5472 0
-5474 0
-5477 0
-5479 1
-5481 0
-5482 1
-5484 0
-5485 0
-5486 1
-5487 0
-5488 0
-5488 1
-5488 0
-5488 0
-5488 1
-5488 0
-5487 1
-5486 0
-5485 0
-5484 0
-5483 0
-5481 1
-5480 0
-5478 0
-5476 1
-5473 0
-5471 1
-5468 0
-5465 1
-5462 0
-5459 0
-5455 0
-5452 1
-5448 0
-5444 0
-5439 1
-5435 0
-5430 0
-5426 0
-5421 1
-5415 0
-5410 1
-5404 0
-5399 0
-5393 1
-5386 0
-5380 0
-5373 1
-5367 0
-5360 0
-5352 1
-5345 0
-5337 0
-5330 1
-5322 0
-5313 0
-5305 1
-5296 0
-5287 0
-5278 1
-5269 0
-5260 0
-5250 0
-5240 1
-5230 0
-5220 1
-5209 0
-5198 1
-5187 0
-5176 0
-5165 0
-5153 1
-5141 0
-5129 0
-5117 1
-5104 0
-5091 0
-5078 1
-5065 0
-5052 0
-5038 1
-5024 0
-5010 0
-4995 1
-4981 0
-4966 0
-4951 1
-4936 0
-4920 1
-4904 0
-4888 0
-4872 1
-4855 0
-4839 0
-4821 1
-4804 0
-4787 0
-4769 1
-4751 0
-4733 0
-4714 1
-4696 0
-4677 0
-4658 0
-4638 1
-4619 0
-4599 1
-4579 0
-4558 0
-4538 1
-4517 0
-4496 1
-4475 0
-4454 0
-4433 1
-4411 0
-4390 1
-4368 0
-4346 0
-4323 0
-4301 0
-4279 1
-4256 1
-4233 0
-4210 0
-4187 0
-4163 1
-4140 0
-4116 1
-4092 0
-4068 0
-4044 1
-4019 0
-3995 0
-3970 1
-3945 0
-3920 1
-3894 0
-3869 1
-3843 0
-3817 0
-3791 0
-3765 1
-3738 0
-3711 1
-3684 0
-3657 0
-3630 1
-3602 0
-3575 0
-3547 1
-3518 0
-3490 0
-3461 1
-3433 0
-3404 1
-3374 0
-3345 1
-3315 0
-3285 0
-3255 1
-3225 0
-3194 1
-3164 0
-3133 0
-3101 1
-3070 0
-3038 1
-3006 0
-2974 0
-2942 0
-2909 1
-2876 0
-2843 1
-2810 0
-2777 1
-2743 0
-2709 0
-2675 1
-2641 0
-2606 0
-2571 1
-2536 1
-2501 0
-2465 0
-2430 1
-2394 0
-2358 1
-2321 0
-2285 1
-2248 0
-2211 0
-2174 1
-2137 0
-2100 0
-2062 1
-2024 0
-1986 0
-1948 1
-1910 1
-1871 0
-1833 0
-1794 1
-1755 0
-1716 1
-1677 0
-1637 1
-1598 0
-1558 0
-1519 1
-1479 0
-1439 1
-1399 0
-1359 1
-1319 0
-1278 1
-1238 0
-1198 1
-1157 0
-1117 0
-1076 1
-1036 0
-995 1
-955 0
-914 1
-873 0
-833 0
-792 1
-752 0
-712 1
-671 0
-631 1
-591 0
-551 1
-511 0
-471 0
-432 1
-392 1
-353 0
-314 1
-274 0
-235 1
-196 0
-158 1
-119 0
-81 1
-42 0
-4 0
34 1
72 0
109 1
147 0
185 1
222 0
260 1
297 0
334 1
371 0
408 1
445 0
482 1
519 0
555 1
592 1
628 0
665 0
701 1
737 0
773 1
809 0
844 1
880 1
915 0
951 0
986 1
1021 0
1056 1
1091 0
1126 1
1160 1
1194 0
1229 1
1263 0
1297 1
1331 0
1364 0
1398 1
1431 1
1464 0
1497 1
1530 0
1562 1
1595 0
1627 1
1659 1
1690 0
1722 1
1753 0
1785 1
1815 0
1846 1
1877 0
1907 0
1937 1
1967 1
1996 0
2025 1
2054 1
2083 0
2111 1
2140 0
2168 1
2195 0
2223 1
2250 0
2276 1
2303 1
2329 0
2355 1
2380 0
2405 1
2430 0
2455 1
2479 0
2503 1
2526 1
2549 0
2572 1
2595 0
2617 1
2638 0
2660 1
2681 1
2701 0
2721 1
2741 0
2760 1
2779 0
2798 1
2816 1
2834 0
2851 1
2868 0
2885 1
2901 0
2916 1
2932 1
2946 0
2961 1
2975 1
2988 0
3001 1
3014 0
3026 1
3038 0
3049 1
3060 1
3070 0
3080 0
3089 1
3098 1
3107 1
3115 0
3122 0
3129 1
3136 1
3142 0
3148 1
3153 1
3158 0
3162 1
3166 0
3169 1
3172 1
3175 0
3177 1
3178 1
3179 0
3180 1
3180 0
3180 0
3180 1
3179 1
3177 1
3175 0
3173 1
3170 0
3167 1
3163 0
3159 1
3155 0
3150 1
3145 1
3139 1
3133 0
3126 1
3120 1
3112 0
3105 1
3097 0
3088 0
3080 1
3071 1
3061 1
3052 0
3041 0
3031 1
3020 1
3009 1
2998 0
2986 0
2974 1
2961 1
2949 1
2936 0
2922 0
2909 1
2895 1
2881 1
2866 0
2852 0
2837 1
2821 1
2806 0
2790 1
2774 1
2758 0
2742 1
2725 0
2708 1
2691 0
2673 1
2656 1
2638 0
2620 1
2602 1
2584 0
2565 0
2546 1
2528 1
2509 0
2489 1
2470 1
2450 0
2431 0
2411 1
2391 1
2371 0
2350 1
2330 1
2309 0
2289 1
2268 1
2247 0
2226 0
2204 1
2183 1
2162 0
2140 0
2119 1
2097 1
2075 0
2053 1
2031 1
2009 0
1987 1
1964 1
1942 0
1919 0
1897 1
1874 1
1852 0
1829 1
1806 0
1783 1
1760 0
1737 1
1714 0
1691 1
1667 0
1644 1
1621 1
1597 1
1574 0
1550 0
1527 1
1503 1
1480 0
1456 1
1432 0
1409 1
1385 0
1361 1
1338 1
1314 0
1290 0
1266 1
1242 1
1219 0
1195 1
1171 0
1147 0
1123 1
1099 1
1075 0
1051 1
1027 1
1003 0
979 1
955 0
931 0
907 1
884 1
860 0
836 1
813 1
789 0
766 1
742 0
719 0
696 1
673 0
650 1
627 1
604 0
581 1
558 0
536 0
513 1
491 1
469 0
446 1
424 0
402 1
381 0
359 1
337 1
316 0
295 0
273 1
252 1
232 0
211 0
190 1
170 1
150 0
130 0
110 1
90 1
71 0
51 1
32 0
13 0
-6 1
-24 1
-42 0
-61 0
-79 1
-96 1
-114 0
-131 1
-148 0
-165 1
-181 0
-198 1
-214 0
-230 1
-245 0
-261 0
-276 1
-290 1
-305 0
-319 1
-333 0
-347 1
-360 0
-373 0
-386 1
-399 1
-411 0
-423 1
-435 0
-446 1
-457 0
-468 0
-478 1
-488 0
-498 1
-507 1
-516 0
-525 1
-533 0
-541 0
-549 1
-556 1
-563 0
-570 0
-576 1
-582 0
-587 1
-592 0
-597 1
-602 0
-606 1
-609 1
-613 0
-616 0
-618 1
-620 0
-622 1
-624 0
-625 0
-625 1
-625 1
-625 0
-625 0
-624 1
-622 1
-621 0
-619 1
-616 0
-613 0
-610 1
-606 1
-602 0
-597 0
-592 1
-587 1
-581 0
-575 0
-568 1
-561 0
-553 1
-545 0
-537 1
-528 0
-519 0
-510 1
-500 1
-490 0
-479 1
-468 0
-456 0
-445 1
-432 1
-420 0
-407 1
-393 0
-380 0
-366 1
-351 1
-337 0
-322 1
-306 0
-291 0
-274 1
-258 0
-241 1
-224 0
-207 1
-189 0
-172 1
-153 0
-135 1
-116 0
-97 1
-78 0
-58 0
-38 1
-18 1
2 0
23 1
44 1
65 0
86 0
108 1
130 0
152 1
174 0
196 1
219 0
242 1
265 0
288 0
311 1
335 1
359 0
383 1
407 0
431 0
455 1
480 1
505 0
529 1
554 0
579 1
605 0
630 1
656 0
681 1
707 0
733 1
759 0
785 1
812 1
838 0
864 0
891 1
918 0
944 1
971 0
998 1
1025 1
1053 0
1080 0
1107 1
1135 0
1162 1
1190 1
1218 0
1246 1
1274 0
1302 1
1330 0
1358 1
1386 0
1415 1
1443 0
1472 1
1501 1
1529 0
1558 0
1587 1
1616 1
1645 0
1675 0
1704 1
1734 1
1763 0
1793 1
1823 1
1853 0
1883 0
1914 1
1944 1
1975 0
2006 0
2037 1
2068 1
2099 0
2131 1
2162 1
2194 0
2226 0
2258 1
2290 1
2322 0
2355 1
2387 0
2420 1
2453 0
2485 1
2518 1
2551 0
2584 0
2617 1
2650 1
2683 0
2716 1
2749 1
2782 0
2814 1
2847 0
2880 1
2913 1
2946 0
2978 1
3011 0
3044 0
3076 1
3109 1
3142 0
3174 1
3206 1
3239 0
3271 1
3303 0
3335 1
3367 0
3399 1
3431 1
3463 0
3494 1
3526 1
3557 0
3589 1
3620 0
3651 1
3682 0
3713 1
3744 1
3774 0
3805 1
3835 1
3866 0
3896 1
3926 0
3956 1
3986 1
4016 0
4045 1
4075 0
4104 1
4134 1
4163 0
4192 1
4221 0
4249 1
4278 0
4307 1
4335 1
4363 1
4391 0
4419 1
4447 0
4475 1
4503 1
4530 0
4558 1
4585 0
4613 1
4640 1
4667 1
4694 0
4720 1
4747 0
4774 1
4800 1
4826 0
4853 1
4879 1
4905 0
4931 1
4957 0
4982 1
5008 0
5033 1
5059 1
5084 1
5110 0
5135 1
5160 1
5185 0
5210 1
5234 1
5259 0
5284 1
5308 1
5333 0
5357 1
5381 0
5406 1
5430 0
5454 1
5478 1
5502 1
5525 0
5549 1
5573 1
5596 0
5620 1
5643 1
5666 0
5690 1
5713 1
5736 1
5759 0
5781 1
5804 0
5827 1
5849 1
5871 0
5893 1
5915 1
5936 0
5958 1
5979 0
6000 1
6021 1
6042 1
6062 0
6082 1
6103 1
6123 1
6143 0
6162 1
6182 1
6201 0
6220 1
6239 0
6258 1
6277 1
6296 1
6314 0
6332 1
6350 0
6368 1
6386 1
6404 1
6422 0
6439 1
6456 1
6473 1
6490 0
6507 1
6524 0
6541 1
6557 1
6574 1
6590 0
6606 1
6622 1
6638 0
6654 1
6670 1
6685 0
6701 1
6716 1
6732 1
6747 0
6762 1
6777 1
6792 0
6807 1
6822 1
6837 0
6851 1
6866 1
6880 0
6895 1
6909 1
6923 1
6938 1
6952 0
6966 1
6980 1
6993 0
7007 1
7021 1
7034 0
7048 1
7061 1
7075 0
7088 1
7101 1
7115 0
7128 1
7141 1
7153 1
7166 0
7179 1
7192 1
7204 1
7216 0
7229 1
7241 1
7253 1
7265 0
7277 1
7289 1
7300 0
7312 1
7323 1
7335 0
7346 1
7357 1
7367 1
7378 0
7389 1
7399 1
7409 1
7419 0
7429 1
7439 0
7448 1
7457 1
7466 1
7475 1
7484 0
7492 1
7501 1
7509 1
7516 0
7524 1
7531 1
7538 0
7545 1
7551 1
7557 0
7563 1
7568 1
7573 1
7578 0
7583 1
7587 1
7590 1
7594 1
7597 0
7600 1
7602 1
7604 0
7606 1
7607 1
7608 0
7609 1
7609 1
7609 1
7608 0
7607 1
7606 1
7604 1
7603 0
7601 1
7598 1
7596 1
7592 0
7589 1
7586 1
7582 0
7577 1
7573 1
7568 1
7563 0
7557 1
7551 1
7545 0
7539 1
7532 1
7525 1
7517 1
7509 0
7501 1
7493 1
7484 1
7475 0
7466 1
7456 1
7446 1
7435 0
7424 1
7413 0
7402 1
7390 1
7378 1
7365 0
7352 1
7339 1
7326 0
7312 1
7298 1
7283 1
7268 1
7253 0
7237 1
7221 1
7204 0
7188 1
7170 1
7153 1
7135 1
7116 0
7098 1
7079 1
7059 1
7039 0
7019 1
6998 0
6977 1
6956 0
6934 1
6912 1
6889 1
6866 1
6843 1
6819 0
6795 1
6770 0
6745 1
6719 1
6693 1
6667 1
6640 0
6613 1
6586 1
6558 0
6529 1
6500 1
6471 0
6441 1
6411 1
6380 1
6349 0
6318 1
6286 1
6253 0
6220 1
6187 1
6153 0
6119 1
6085 1
6050 1
6014 0
5978 1
5942 1
5905 0
5868 1
5830 1
5792 0
5753 1
5714 1
5675 1
5635 0
5594 1
5553 0
5512 1
5470 1
5428 1
5386 0
5343 1
5299 1
5255 0
5211 1
5166 1
5121 0
5075 1
5029 1
4982 0
4935 1
4888 1
4840 0
4792 1
4743 1
4694 0
4645 1
4595 1
4545 0
4494 1
4443 1
4392 0
4340 1
4288 1
4235 0
4182 1
4129 0
4075 1
4021 1
3966 1
3912 0
3856 1
3801 0
3745 1
3689 1
3633 0
3576 1
3519 0
3461 1
3403 1
3345 0
3287 1
3228 1
3169 0
3110 1
3051 1
2991 0
2931 1
2870 1
2810 0
2749 1
2688 0
2627 1
2565 0
2503 1
2441 0
2379 1
2317 1
2254 0
2191 1
2128 0
2065 1
2002 1
1938 1
1874 0
1810 0
1746 1
1682 1
1618 0
1553 1
1489 1
1424 0
1359 0
1294 1
1229 1
1164 0
1099 1
1033 0
968 1
902 0
837 1
771 1
705 0
640 1
574 0
508 0
442 1
376 1
310 0
244 1
178 0
113 1
47 1
-19 0
-85 0
-151 1
-217 1
-283 0
-349 1
-415 0
-480 1
-546 0
-612 1
-677 0
-743 0
-808 1
-874 0
-939 1
-1004 1
-1069 0
-1134 1
-1199 0
-1264 1
-1328 0
-1393 0
-1457 1
-1522 1
-1586 0
-1650 0
-1714 1
-1777 1
-1841 0
-1904 0
-1968 1
-2031 0
-2094 1
-2156 0
-2219 1
-2281 0
-2343 0
-2405 1
-2467 0
-2529 1
-2590 1
-2651 0
-2712 0
-2773 1
-2833 0
-2893 1
-2953 0
-3013 0
-3073 1
-3132 0
-3191 1
-3250 0
-3308 0
-3366 1
-3424 1
-3481 0
-3539 0
-3595 1
-3652 0
-3708 1
-3764 0
-3819 0
-3874 1
-3929 0
-3983 0
-4037 1
-4091 0
-4144 1
-4197 0
-4249 0
-4301 1
-4353 0
-4404 1
-4455 0
-4505 0
-4555 1
-4604 0
-4653 1
-4701 0
-4749 1
-4797 0
-4844 0
-4890 0
-4936 1
-4982 0
-5027 1
-5072 0
-5116 0
-5159 1
-5202 0
-5245 0
-5287 0
-5328 1
-5369 0
-5409 1
-5449 0
-5489 1
-5527 0
-5565 0
-5603 0
-5640 1
-5676 0
-5712 1
-5748 0
-5782 0
-5816 1
-5850 0
-5883 0
-5915 1
-5947 0
-5978 0
-6008 1
-6038 0
-6067 0
-6096 1
-6124 0
-6151 0
-6178 0
-6204 0
-6229 1
-6254 0
-6278 1
-6301 0
-6324 1
-6346 0
-6367 0
-6388 0
-6408 1
-6427 0
-6446 1
-6464 0
-6481 0
-6498 0
-6514 0
-6529 1
-6544 0
-6558 1
-6571 0
-6583 0
-6595 0
-6606 1
-6617 0
-6626 0
-6635 1
-6643 0
-6651 0
-6658 0
-6664 1
-6669 0
-6674 1
-6678 0
-6681 0
-6683 0
-6685 1
-6686 0
-6687 0
-6686 0
-6685 1
-6683 0
-6681 0
-6677 1
-6673 0
-6669 0
-6663 1
-6657 0
-6650 0
-6642 1
-6634 0
-6625 0
-6615 0
-6604 1
-6593 0
-6581 0
-6568 1
-6554 0
-6540 0
-6524 0
-6509 1
-6492 0
-6474 0
-6456 1
-6437 0
-6418 0
-6397 0
-6376 1
-6354 0
-6332 0
-6309 1
-6285 0
-6260 0
-6234 1
-6208 0
-6181 1
-6154 0
-6126 0
-6097 0
-6067 0
-6037 1
-6006 0
-5974 0
-5942 0
-5909 1
-5876 0
-5842 1
-5807 0
-5771 0
-5735 1
-5698 0
-5661 0
-5623 1
-5584 0
-5545 0
-5506 0
-5465 1
-5424 0
-5383 0
-5341 0
-5298 1
-5255 0
-5211 1
-5167 0
-5122 0
-5077 1
-5031 0
-4985 1
-4938 0
-4890 0
-4843 0
-4794 1
-4745 0
-4696 0
-4646 1
-4596 0
-4546 0
-4494 0
-4443 1
-4391 0
-4338 1
-4286 0
-4232 0
-4179 1
-4125 0
-4070 1
-4015 0
-3960 0
-3905 1
-3849 0
-3792 0
-3736 1
-3679 0
-3621 0
-3563 1
-3505 0
-3447 0
-3388 1
-3329 0
-3270 1
-3210 0
-3150 0
-3090 1
-3030 0
-2969 0
-2908 1
-2846 0
-2785 1
-2723 0
-2660 1
-2598 0
-2535 0
-2472 0
-2409 1
-2346 1
-2282 0
-2218 0
-2154 1
-2090 0
-2025 0
-1960 1
-1895 0
-1830 1
-1765 0
-1699 1
-1633 0
-1567 1
-1501 0
-1435 0
-1368 1
-1301 0
-1235 0
-1168 1
-1101 1
-1034 0
-967 0
-900 1
-833 0
-765 0
-698 1
-630 1
-562 0
-494 0
-427 1
-359 1
-290 0
-222 0
-154 1
-85 0
-17 1
52 0
121 1
190 0
258 1
327 0
396 1
465 0
534 1
603 0
672 1
741 0
811 1
880 0
949 0
1018 1
1087 0
1156 1
1225 1
1294 0
1363 0
1433 1
1502 1
1571 0
1640 1
1709 0
1777 1
1846 0
1915 1
1984 1
2053 0
2121 0
2190 1
2258 1
2327 0
2395 0
2463 1
2531 1
2599 0
2667 1
2735 0
2803 1
2870 0
2938 1
3005 1
3072 0
3139 1
3206 0
3272 1
3339 0
3405 1
3471 1
3537 0
3602 1
3668 1
3733 0
3798 0
3863 1
3927 1
3991 0
4055 1
4119 0
4182 1
4245 1
4308 0
4371 1
4433 0
4495 1
4556 1
4617 0
4678 1
4739 1
4799 0
4859 1
4918 0
4977 1
5036 1
5094 1
5152 0
5210 1
5267 0
5323 1
5379 0
5435 1
5490 1
5545 0
5600 1
5653 1
5707 0
5760 1
5812 1
5864 1
5916 0
5966 1
6017 0
6067 1
6116 0
6165 1
6213 1
6261 1
6308 0
6355 1
6401 1
6446 0
6491 1
6535 1
6579 1
6622 0
6665 1
6707 0
6748 1
6789 1
6829 1
6869 0
6908 1
6946 0
6984 1
7021 1
7058 1
7094 0
7129 1
7164 1
7198 1
7232 0
7265 1
7298 1
7330 0
7362 1
7393 1
7423 1
7453 0
7483 1
7511 0
7540 1
7568 1
7595 1
7621 0
7647 1
7673 1
7698 1
7722 0
7746 1
7769 1
7791 1
7813 0
7835 1
7855 1
7876 1
7895 0
7914 1
7932 1
7950 0
7967 1
7984 1
8000 1
8015 0
8030 1
8044 1
8057 0
8070 1
8082 1
8094 1
8105 0
8115 1
8125 1
8134 1
8142 1
8150 0
8157 1
8163 1
8169 0
8174 1
8179 1
8182 1
8186 1
8188 0
8190 1
8191 1
8192 1
8192 0
8191 1
8190 1
8188 0
8185 1
8182 1
8178 0
8174 1
8168 1
8162 1
8156 1
8149 0
8141 1
8133 1
8124 1
8114 0
8104 1
8093 1
8081 1
8069 1
8056 0
8043 1
8029 1
8014 0
7999 1
7983 1
7967 1
7950 1
7933 0
7914 1
7896 1
7877 0
7857 1
7836 1
7816 0
7794 1
7772 1
7750 1
7727 1
7703 0
7679 1
7655 1
7629 1
7604 0
7578 1
7552 1
7525 1
7497 0
7469 1
7441 1
7412 0
7383 1
7354 1
7324 1
7294 1
7263 0
7232 1
7200 0
7168 1
7136 1
7103 1
7070 1
7037 0
7003 1
6969 1
6934 1
6899 0
6864 1
6829 1
6793 0
6757 1
6720 1
6684 0
6647 1
6610 1
6573 0
6536 1
6498 1
6460 1
6422 1
6384 0
6346 1
6307 1
6268 1
6229 0
6190 1
6151 0
6111 1
6071 1
6032 0
5991 1
5951 1
5911 1
5870 0
5830 1
5789 1
5748 1
5707 0
5666 1
5625 0
5584 1
5542 1
5501 0
5460 1
5418 1
5377 1
5335 0
5293 1
5252 1
5210 0
5168 1
5126 1
5084 0
5043 1
5001 1
4959 0
4917 1
4875 1
4833 0
4792 1
4750 1
4708 0
4666 1
4625 0
4583 1
4541 1
4500 1
4458 0
4417 1
4375 1
4334 0
4292 1
4251 1
4210 0
4168 1
4127 0
4086 1
4045 1
4004 0
3963 1
3923 1
3882 0
3841 1
3801 0
3760 1
3720 1
3679 0
3639 1
3599 1
3559 0
3519 1
3479 0
3439 1
3399 1
3359 1
3320 0
3280 1
3241 0
3201 1
3162 1
3123 0
3084 1
3045 0
3006 1
2967 0
2928 1
2889 1
2851 0
2812 1
2774 0
2736 1
2697 1
2659 0
2621 1
2583 1
2545 0
2508 1
2470 0
2432 1
2395 0
2357 1
2320 1
2283 0
2246 1
2209 1
2172 0
2135 1
2098 0
2062 0
2025 1
1988 1
1952 0
1916 1
1880 1
1844 0
1808 1
1772 0
1736 1
1700 1
1665 0
1630 0
1595 1
1560 1
1525 0
1490 1
1455 0
1421 1
1387 0
1353 1
1319 1
1285 0
1251 1
1218 0
1184 1
1151 1
1118 0
1085 0
1053 1
1020 1
988 0
955 0
923 1
891 1
860 0
828 1
797 0
765 1
734 0
703 1
672 0
642 1
611 1
581 0
551 1
521 0
491 1
461 0
432 0
402 1
373 1
344 0
315 1
287 0
258 1
230 1
202 0
173 0
146 1
118 1
90 0
63 0
35 1
8 0
-19 1
-46 0
-72 1
-99 1
-125 0
-151 0
-177 1
-203 1
-229 0
-255 0
-280 1
-306 1
-331 0
-356 0
-381 1
-406 1
-430 0
-455 0
-479 1
-503 1
-527 0
-551 0
-575 1
-599 1
-622 0
-646 1
-669 0
-692 0
-715 1
-738 0
-761 1
-784 0
-806 1
-829 0
-851 1
-873 1
-896 0
-917 0
-939 1
-961 0
-983 1
-1004 0
-1026 0
-1047 1
-1068 1
-1090 0
-1111 0
-1132 1
-1152 1
-1173 0
-1194 0
-1214 1
-1235 1
-1255 0
-1276 0
-1296 1
-1316 1
-1336 0
-1356 0
-1376 1
-1396 0
-1415 0
-1435 1
-1454 0
-1473 1
-1492 1
-1511 0
-1530 0
-1549 1
-1567 0
-1586 1
-1604 0
-1622 1
-1641 0
-1659 1
-1677 0
-1695 1
-1713 0
-1731 0
-1748 1
-1766 0
-1784 1
-1802 0
-1819 1
-1837 0
-1855 0
-1872 1
-1890 0
-1908 1
-1925 1
-1943 0
-1961 0
-1978 1
-1996 0
-2014 1
-2031 0
-2049 1
-2067 0
-2085 1
-2103 0
-2121 0
-2139 0
-2157 1
-2175 1
-2193 0
-2212 0
-2230 1
-2249 0
-2267 1
-2286 0
-2304 1
-2323 0
-2342 0
-2361 1
-2380 0
-2399 1
-2418 1
-2438 0
-2457 0
-2477 1
-2496 0
-2516 0
-2536 1
-2556 0
-2576 1
-2596 0
-2616 1
-2636 0
-2657 1
-2677 0
-2698 0
-2718 1
-2739 0
-2760 0
-2781 1
-2802 0
-2823 1
-2844 0
-2866 1
-2887 0
-2909 1
-2930 0
-2952 0
-2973 1
-2995 0
-3017 1
-3039 0
-3061 0
-3083 1
-3105 0
-3127 1
-3150 0
-3172 0
-3194 1
-3217 0
-3239 1
-3262 0
-3284 1
-3307 0
-3329 1
-3352 0
-3374 0
-3397 0
-3420 1
-3442 1
-3465 0
-3488 0
-3510 0
-3533 1
-3556 0
-3578 1
-3601 0
-3624 1
-3646 0
-3669 1
-3691 0
-3714 0
-3737 1
-3759 0
-3782 0
-3804 1
-3826 0
-3849 0
-3871 1
-3893 0
-3916 1
-3938 0
-3960 0
-3982 1
-4004 0
-4026 1
-4048 0
-4070 1
-4091 0
-4113 0
-4135 1
-4156 0
-4178 0
-4199 1
-4220 0
-4242 0
-4263 1
-4284 0
-4305 1
-4326 0
-4347 1
-4368 0
-4388 0
-4409 0
-4430 1
-4450 0
-4471 0
-4491 1
-4511 0
-4531 1
-4552 0
-4572 1
-4592 0
-4612 0
-4632 1
-4652 0
-4672 0
-4691 1
-4711 0
-4731 0
-4750 1
-4770 0
-4790 0
-4809 1
-4829 0
-4848 1
-4867 0
-4887 0
-4906 1
-4926 0
-4945 0
-4964 1
-4983 0
-5003 1
-5022 0
-5041 0
-5060 0
-5079 1
-5098 0
-5118 0
-5137 1
-5156 0
-5175 0
-5194 1
-5213 0
-5232 1
-5252 0
-5271 1
-5290 0
-5309 0
-5328 1
-5347 0
-5367 0
-5386 0
-5405 1
-5424 0
-5444 0
-5463 1
-5482 0
-5501 0
-5521 0
-5540 1
-5559 1
-5579 0
-5598 0
-5618 0
-5637 1
-5657 0
-5676 1
-5696 0
-5715 0
-5735 1
-5754 0
-5774 0
-5793 0
-5813 1
-5832 0
-5852 1
-5871 0
-5891 0
-5910 0
-5930 1
-5949 0
-5969 0
-5988 1
-6008 0
-6027 0
-6046 0
-6066 1
-6085 1
-6104 0
-6124 0
-6143 0
-6162 1
-6181 0
-6200 0
-6219 1
-6238 0
-6257 0
-6275 1
-6294 0
-6312 0
-6331 1
-6349 0
-6367 0
-6385 0
-6403 1
-6421 0
-6439 0
-6456 0
-6474 1
-6491 0
-6508 1
-6525 0
-6543 0
-6559 1
-6576 0
-6593 0
-6610 0
-6626 1
-6642 0
-6658 1
-6674 0
-6690 0
-6705 0
-6720 0
-6736 1
-6750 0
-6765 1
-6779 0
-6793 0
-6807 0
-6820 1
-6834 0
-6846 0
-6859 0
-6872 1
-6884 0
-6896 0
-6907 1
-6919 0
-6930 1
-6941 0
-6951 0
-6962 0
-6972 0
-6981 1
-6991 0
-7000 0
-7009 1
-7017 0
-7025 0
-7033 1
-7041 0
-7048 0
-7055 0
-7061 1
-7067 0
-7073 0
-7078 1
-7084 0
-7088 0
-7093 0
-7097 1
-7100 0
-7103 0
-7106 0
-7109 1
-7111 0
-7113 0
-7114 1
-7115 0
-7116 0
-7116 1
-7116 0
-7115 0
-7114 0
-7113 1
-7111 0
-7109 0
-7107 1
-7104 0
-7101 0
-7097 0
-7093 1
-7089 0
-7084 0
-7079 1
-7074 0
-7068 0
-7062 0
-7055 0
-7048 1
-7041 0
-7033 1
-7025 0
-7017 0
-7008 0
-6999 0
-6990 1
-6980 0
-6970 1
-6959 0
-6948 0
-6937 0
-6926 0
-6914 1
-6902 0
-6889 1
-6877 0
-6864 0
-6850 0
-6837 1
-6823 0
-6808 0
-6794 1
-6779 0
-6764 0
-6748 0
-6732 0
-6716 1
-6700 0
-6683 1
-6666 0
-6649 0
-6632 0
-6614 0
-6596 1
-6578 0
-6560 1
-6541 0
-6522 0
-6503 0
-6484 1
-6464 0
-6444 0
-6424 1
-6404 0
-6383 0
-6363 1
-6342 0
-6321 0
-6299 0
-6278 1
-6256 0
-6234 0
-6212 0
-6189 1
-6167 0
-6144 1
-6121 0
-6097 0
-6074 0
-6050 0
-6026 1
-6001 0
-5977 1
-5952 0
-5926 1
-5901 0
-5875 0
-5849 0
-5823 0
-5796 1
-5769 0
-5742 0
-5715 1
-5687 0
-5659 1
-5631 0
-5603 0
-5574 0
-5546 0
-5517 1
-5488 0
-5458 1
-5429 0
-5399 0
-5369 0
-5338 1
-5308 0
-5277 1
-5247 0
-5216 0
-5185 1
-5153 0
-5122 0
-5090 1
-5058 0
-5026 0
-4994 1
-4962 0
-4930 0
-4897 1
-4864 0
-4832 0
-4799 0
-4766 0
-4733 1
-4699 1
-4666 0
-4633 0
-4599 1
-4565 0
-4532 0
-4498 1
-4464 0
-4430 0
-4396 1
-4362 0
-4328 0
-4294 1
-4260 0
-4226 1
-4191 0
-4157 0
-4123 1
-4088 0
-4054 0
-4020 1
-3985 0
-3951 1
-3917 0
-3882 0
-3848 0
-3813 1
-3779 0
-3745 0
-3710 1
-3676 0
-3642 1
-3607 0
-3573 1
-3539 0
-3505 0
-3470 0
-3436 1
-3402 0
-3368 1
-3334 0
-3300 1
-3266 0
-3233 1
-3199 0
-3165 0
-3131 0
-3098 1
-3064 0
-3031 1
-2997 0
-2964 0
-2930 1
-2897 0
-2864 0
-2831 1
-2798 0
-2765 1
-2732 1
-2699 0
-2666 0
-2633 0
-2601 1
-2568 0
-2536 1
-2503 0
-2471 1
-2438 0
-2406 0
-2374 1
-2342 0
-2310 1
-2278 0
-2247 0
-2215 1
-2183 0
-2152 1
-2121 0
-2089 0
-2058 1
-2027 0
-1996 1
-1965 0
-1934 1
-1903 0
-1873 0
-1842 1
-1812 0
-1781 1
-1751 0
-1720 1
-1690 0
-1660 1
-1630 0
-1600 1
-1570 0
-1541 0
-1511 1
-1482 0
-1453 0
-1424 1
-1395 0
-1366 1
-1338 1
-1309 0
-1281 0
-1253 1
-1225 0
-1197 1
-1169 0
-1142 0
-1114 1
-1087 1
-1060 0
-1033 0
-1007 1
-980 0
-954 1
-928 0
-902 1
-876 0
-850 0
-825 1
-799 1
-774 0
-749 1
-725 0
-700 0
-676 1
-652 0
-628 1
-604 0
-581 1
-558 0
-535 1
-512 0
-489 0
-467 1
-445 1
-423 0
-401 1
-380 0
-358 0
-337 1
-317 1
-296 0
-276 0
-256 1
-236 1
-217 0
-198 0
-179 1
-160 0
-142 1
-124 0
-106 1
-88 0
-71 1
-54 0
-37 1
-21 0
-5 1
11 0
26 1
42 0
56 1
71 0
85 1
99 0
113 1
126 0
139 1
151 0
164 1
176 0
187 0
199 1
209 1
220 0
230 1
240 0
250 1
259 0
268 1
276 1
284 0
292 0
299 1
306 0
313 0
319 1
325 1
331 0
336 1
340 0
345 1
349 0
353 1
356 0
359 1
361 0
363 1
365 1
366 0
367 0
368 1
368 0
368 1
367 1
366 0
365 0
363 1
361 0
358 1
355 1
351 0
348 0
343 1
339 1
333 0
328 0
322 1
316 1
309 0
302 1
295 0
287 0
279 1
270 1
261 0
252 1
243 0
233 0
222 1
212 1
201 0
189 1
177 0
165 1
153 0
140 1
127 0
114 1
100 1
87 0
72 0
58 1
43 0
28 1
12 0
-3 1
-19 0
-35 1
-52 0
-69 0
-86 1
-103 1
-120 0
-138 1
-156 1
-174 0
-193 0
-211 1
-230 1
-249 0
-268 0
-288 1
-307 0
-327 1
-347 0
-368 1
-388 0
-409 1
-429 0
-450 1
-471 1
-493 0
-514 0
-536 1
-557 0
-579 1
-601 0
-623 0
-646 1
-668 1
-691 0
-713 1
-736 0
-759 1
-782 0
-806 1
-829 0
-852 0
-876 1
-900 1
-924 0
-947 1
-972 0
-996 0
-1020 1
-1044 1
-1069 0
-1093 0
-1118 1
-1143 0
-1168 1
-1193 0
-1218 1
-1243 0
-1269 1
-1294 0
-1320 1
-1346 0
-1371 0
-1397 1
-1423 1
-1450 0
-1476 0
-1502 1
-1529 0
-1555 1
-1582 1
-1609 0
-1636 0
-1663 1
-1690 0
-1718 0
-1745 1
-1772 1
-1800 0
-1827 0
-1855 1
-1883 0
-1911 1
-1939 0
-1967 1
-1995 0
-2024 1
-2052 0
-2081 1
-2110 0
-2138 0
-2168 1
-2197 0
-2226 1
-2256 0
-2286 0
-2315 1
-2345 0
-2375 1
-2405 0
-2436 1
-2466 0
-2496 1
-2527 0
-2557 1
-2588 0
-2619 1
-2650 0
-2681 0
-2712 1
-2743 0
-2774 1
-2805 0
-2837 0
-2868 1
-2900 0
-2932 0
-2963 1
-2995 0
-3027 1
-3059 1
-3091 0
-3123 0
-3156 1
-3188 0
-3221 0
-3253 1
-3286 0
-3318 1
-3351 0
-3384 0
-3417 1
-3450 0
-3483 1
-3516 0
-3549 1
-3582 0
-3616 0
-3649 1
-3682 0
-3716 1
-3749 0
-3783 1
-3816 0
-3850 0
-3883 0
-3917 1
-3950 0
-3984 0
-4018 1
-4051 0
-4085 1
-4119 1
-4152 0
-4186 0
-4219 0
-4253 1
-4287 0
-4320 1
-4354 0
-4387 0
-4421 1
-4454 0
-4487 0
-4521 1
-4554 0
-4587 0
-4620 1
-4653 1
-4686 0
-4719 0
-4752 0
-4785 1
-4818 0
-4850 1
-4883 0
-4915 0
-4947 1
-4979 0
-5011 1
-5043 0
-5075 0
-5107 0
-5138 1
-5170 0
-5201 0
-5232 0
-5263 1
-5294 0
-5324 1
-5355 0
-5385 1
-5415 0
-5445 1
-5475 0
-5504 0
-5534 0
-5563 1
-5592 0
-5621 1
-5650 0
-5678 0
-5706 0
-5734 0
-5762 1
-5790 0
-5817 1
-5845 0
-5872 0
-5898 1
-5925 0
-5951 0
-5977 1
-6003 0
-6029 0
-6055 1
-6080 0
-6105 1
-6130 0
-6155 0
-6180 0
-6204 0
-6228 1
-6252 0
-6276 1
-6300 0
-6323 0
-6346 0
-6369 1
-6392 0
-6415 1
-6437 0
-6459 0
-6481 0
-6503 1
-6524 0
-6546 0
-6567 1
-6588 0
-6608 0
-6629 1
-6649 0
-6669 0
-6689 0
-6708 1
-6728 0
-6747 0
-6766 1
-6785 0
-6803 0
-6821 0
-6839 1
-6857 0
-6875 1
-6892 0
-6909 0
-6926 1
-6942 0
-6959 0
-6975 0
-6991 1
-7007 0
-7022 0
-7037 0
-7052 0
-7067 1
-7082 0
-7096 1
-7110 0
-7124 0
-7137 0
-7151 1
-7164 0
-7177 0
-7189 1
-7202 0
-7214 0
-7226 1
-7237 0
-7249 0
-7260 0
-7271 1
-7281 0
-7292 0
-7302 0
-7312 1
-7321 0
-7331 0
-7340 0
-7349 1
-7357 0
-7366 0
-7374 1
-7382 0
-7389 1
-7397 0
-7404 0
-7411 0
-7417 0
-7424 0
-7430 1
-7436 0
-7441 0
-7447 1
-7452 0
-7457 0
-7461 1
-7465 0
-7470 0
-7473 1
-7477 0
-7480 0
-7483 0
-7486 0
-7488 0
-7490 1
-7492 0
-7494 1
-7495 0
-7497 0
-7498 0
-7498 1
-7499 0
-7499 0
-7498 1
-7498 0
-7497 0
-7496 0
-7495 1
-7493 0
-7491 0
-7489 0
-7487 0
-7484 1
-7480 0
-7477 0
-7473 1
-7469 0
-7464 0
-7459 1
-7454 0
-7448 0
-7443 1
-7436 0
-7430 0
-7423 0
-7416 0
-7409 0
-7402 1
-7394 0
-7386 1
-7377 0
-7369 0
-7360 0
-7351 0
-7341 1
-7332 0
-7322 1
-7312 0
-7301 0
-7291 0
-7280 1
-7269 0
-7258 0
-7246 0
-7234 0
-7222 1
-7210 0
-7198 1
-7185 0
-7172 0
-7159 0
-7146 0
-7132 1
-7119 0
-7105 0
-7091 1
-7076 0
-7062 0
-7047 1
-7032 0
-7017 0
-7002 1
-6987 0
-6971 0
-6955 0
-6939 0
-6923 0
-6906 1
-6890 0
-6873 0
-6856 1
-6838 0
-6821 1
-6803 0
-6785 0
-6767 0
-6749 1
-6730 0
-6712 0
-6693 0
-6674 1
-6654 0
-6635 0
-6615 1
-6595 0
-6575 0
-6554 1
-6534 0
-6513 0
-6491 0
-6470 1
-6448 0
-6427 0
-6405 1
-6382 0
-6360 0
-6337 0
-6314 1
-6290 0
-6267 0
-6243 0
-6219 1
-6194 0
-6169 1
-6144 0
-6119 0
-6094 0
-6068 1
-6042 0
-6015 0
-5988 1
-5961 0
-5934 0
-5906 1
-5878 0
-5850 0
-5822 1
-5793 0
-5764 0
-5734 1
-5704 0
-5674 0
-5644 0
-5613 1
-5582 0
-5550 0
-5518 1
-5486 0
-5454 0
-5421 0
-5388 1
-5354 0
-5320 1
-5286 0
-5252 0
-5217 1
-5182 0
-5146 0
-5110 1
-5074 0
-5037 0
-5000 0
-4963 1
-4925 0
-4887 1
-4849 0
-4810 0
-4771 1
-4732 0
-4692 0
-4652 1
-4612 0
-4571 0
-4531 1
-4490 0
-4448 0
-4407 1
-4365 0
-4322 1
-4280 0
-4237 0
-4194 0
-4151 1
-4107 0
-4063 0
-4019 1
-3975 0
-3930 0
-3885 1
-3840 0
-3795 1
-3749 0
-3703 1
-3657 0
-3611 0
-3564 1
-3517 0
-3470 0
-3423 1
-3375 0
-3327 1
-3279 0
-3231 0
-3182 0
-3134 1
-3085 0
-3036 1
-2986 0
-2937 1
-2887 0
-2837 0
-2787 1
-2736 0
-2686 0
-2635 1
-2584 0
-2533 1
-2482 0
-2430 0
-2379 1
-2327 0
-2275 1
-2223 1
-2170 0
-2118 0
-2065 0
-2012 1
-1959 0
-1906 1
-1853 0
-1799 0
-1746 1
-1692 0
-1639 1
-1585 0
-1531 0
-1476 1
-1422 1
-1368 0
-1313 0
-1259 1
-1204 1
-1149 0
-1094 0
-1039 1
-984 0
-929 0
-874 1
-819 0
-764 1
-708 0
-653 1
-597 0
-542 0
-486 1
-430 1
-375 0
-319 1
-263 0
-207 0
-151 1
-96 1
-40 0
16 0
72 1
128 1
184 0
240 0
295 1
351 0
407 0
463 1
519 1
575 0
630 1
686 0
742 1
797 0
853 1
908 0
964 1
1019 0
1074 1
1130 0
1185 1
1240 1
1295 0
1350 0
1404 1
1459 0
1514 1
1568 0
1622 1
1677 1
1731 0
1785 0
1839 1
1892 1
1946 0
2000 1
2053 0
2106 1
2159 0
2212 1
2264 0
2317 1
2369 0
2422 1
2473 1
2525 0
2577 1
2628 1
2680 0
2731 0
2781 1
2832 1
2882 0
2932 1
2982 0
3032 1
3082 0
3131 1
3180 0
3229 1
3277 1
3325 0
3373 1
3421 0
3469 1
3516 0
3563 1
3609 1
3656 1
3702 0
3748 1
3793 0
3838 1
3883 1
3928 0
3972 1
4016 0
4060 1
4103 0
4146 1
4189 0
4232 1
4274 1
4315 0
4357 1
4398 0
4439 1
4479 1
4519 1
4559 0
4598 1
4637 1
4676 0
4714 1
4752 0
4789 1
4826 1
4863 0
4899 1
4935 0
4971 1
5006 1
5041 0
5075 1
5109 0
5143 1
5176 1
5209 1
5241 0
5273 1
5304 1
5335 0
5366 1
5396 0
5426 1
5456 1
5485 1
5513 0
5541 1
5569 0
5596 1
5623 0
5649 1
5675 1
5701 1
5726 0
5750 1
5774 1
5798 1
5821 0
5844 1
5866 0
5888 1
5909 1
5930 0
5950 1
5970 1
5990 0
6009 1
6027 0
6046 1
6063 1
6080 1
6097 1
6113 0
6129 1
6144 1
6159 0
6173 1
6187 0
6200 1
6213 1
6225 1
6237 0
6249 1
6260 1
6270 0
6280 1
6289 0
6298 1
6307 1
6315 1
6322 1
6329 0
6336 1
6342 0
6348 1
6353 1
6357 1
6361 0
6365 1
6368 1
6371 0
6373 1
6375 1
6376 0
6377 1
6377 1
6377 1
6376 0
6375 1
6373 0
6371 1
6369 1
6366 1
6362 0
6358 1
6354 1
6349 0
6344 1
6338 1
6331 1
6325 0
6317 1
6310 1
6302 0
6293 1
6284 0
6274 1
6265 1
6254 1
6243 1
6232 0
6220 1
6208 1
6196 0
6183 1
6169 0
6155 1
6141 1
6126 1
6111 1
6095 0
6079 1
6063 0
6046 1
6029 1
6011 0
5993 1
5975 1
5956 1
5936 0
5917 1
5897 1
5876 0
5855 1
5834 1
5813 0
5791 1
5768 1
5746 1
5722 0
5699 1
5675 0
5651 1
5627 1
5602 0
5576 1
5551 1
5525 1
5499 0
5472 1
5445 0
5418 1
5391 1
5363 1
5335 1
5306 0
5277 1
5248 0
5219 1
5189 1
5159 0
5129 1
5098 1
5067 0
5036 1
5005 0
4973 1
4941 1
4909 1
4877 0
4844 1
4811 1
4778 0
4745 1
4711 1
4677 0
4643 1
4609 1
4574 0
4539 1
4504 0
4469 1
4434 1
4398 1
4363 0
4327 1
4291 0
4255 1
4219 0
4183 1
4146 1
4110 1
4073 0
4037 1
4000 1
3963 0
3926 1
3889 0
3852 1
3815 1
3777 0
3740 1
3702 1
3665 0
3627 1
3589 1
3551 0
3513 1
3474 0
3436 1
3398 0
3359 1
3321 1
3282 0
3243 1
3204 1
3165 0
3126 1
3087 1
3048 0
3009 0
2969 1
2930 1
2890 1
2851 0
2811 1
2771 0
2731 1
2691 0
2651 1
2611 1
2571 0
2531 1
2491 1
2450 0
2410 1
2370 0
2329 1
2289 0
2248 1
2208 1
2167 0
2127 1
2086 0
2046 1
2005 1
1964 0
1924 0
1883 1
1843 1
1802 0
1761 1
1721 1
1680 0
1640 0
1600 1
1559 1
1519 0
1479 1
1439 1
1398 0
1358 1
1319 0
1279 1
1239 0
1199 1
1160 0
1120 1
1081 0
1042 1
1003 0
964 1
925 1
887 0
848 1
810 0
772 1
734 0
696 1
659 1
622 0
585 0
548 1
511 1
475 0
438 0
402 1
367 1
331 0
296 1
261 0
226 1
192 0
158 1
124 0
91 1
57 0
24 1
-8 0
-41 1
-73 0
-104 1
-136 0
-167 1
-197 1
-228 0
-258 0
-287 1
-316 1
-345 0
-374 0
-402 1
-430 0
-457 1
-484 1
-511 0
-537 0
-563 1
-589 1
-614 0
-639 0
-663 1
-687 0
-711 1
-734 0
-757 1
-780 0
-802 1
-824 0
-845 1
-866 0
-887 1
-908 0
-928 1
-947 0
-967 0
-986 1
-1005 1
-1023 0
-1041 1
-1058 0
-1076 1
-1093 0
-1109 0
-1125 1
-1141 1
-1157 0
-1172 0
-1186 1
-1201 0
-1215 1
-1229 0
-1242 1
-1255 0
-1268 0
-1280 1
-1292 1
-1303 0
-1315 0
-1325 1
-1336 1
-1346 0
-1356 0
-1365 1
-1375 0
-1383 1
-1392 0
-1400 1
-1408 0
-1415 0
-1422 1
-1429 1
-1436 0
-1442 0
-1448 1
-1453 0
-1458 1
-1463 0
-1467 1
-1472 0
-1475 1
-1479 0
-1482 1
-1485 0
-1488 1
-1490 0
-1492 0
-1493 1
-1495 0
-1496 1
-1497 0
-1497 1
-1497 0
-1497 0
-1497 1
-1496 0
-1495 1
-1494 0
-1492 1
-1490 0
-1488 1
-1486 0
-1483 1
-1480 0
-1477 0
-1473 1
-1470 1
-1466 0
-1462 0
-1457 1
-1452 0
-1447 1
-1442 1
-1437 0
-1431 0
-1425 1
-1419 0
-1412 0
-1406 1
-1399 0
-1392 1
-1385 0
-1377 0
-1369 1
-1361 1
-1353 0
-1345 1
-1336 0
-1328 0
-1319 1
-1310 0
-1300 1
-1291 0
-1281 1
-1271 0
-1261 1
-1251 1
-1241 0
-1230 0
-1220 0
-1209 1
-1197 0
-1186 1
-1175 0
-1163 1
-1151 0
-1139 1
-1127 0
-1114 1
-1102 0
-1089 1
-1076 0
-1063 0
-1050 1
-1037 1
-1023 0
-1010 0
-996 1
-982 0
-968 0
-954 1
-940 1
-926 0
-912 0
-898 1
-883 1
-869 0
-855 1
-840 0
-826 0
-811 1
-796 1
-782 0
-767 0
-753 1
-738 0
-723 1
-709 0
-694 1
-680 0
-665 0
-650 1
-636 0
-621 1
-607 1
-593 0
-578 0
-564 1
-550 1
-536 0
-521 0
-507 1
-493 0
-480 1
-466 0
-452 1
-438 0
-425 1
-411 0
-398 1
-385 0
-371 0
-358 1
-345 1
-332 0
-320 1
-307 0
-294 1
-282 0
-269 0
-257 1
-245 1
-233 0
-221 0
-209 1
-198 0
-186 1
-174 1
-163 0
-152 0
-141 1
-130 0
-119 1
-108 0
-97 1
-87 1
-77 0
-66 0
-56 1
-46 0
-36 1
-26 0
-16 1
-7 0
3 1
12 0
21 1
31 1
40 0
49 0
57 1
66 0
75 1
83 0
92 1
100 0
109 1
117 0
125 0
133 1
141 1
149 0
156 1
164 0
171 1
179 1
186 0
194 0
201 1
208 1
215 0
222 0
229 1
236 0
242 1
249 0
256 1
262 0
268 0
275 1
281 1
287 0
293 1
299 1
305 0
311 1
317 0
323 0
329 1
334 0
340 1
345 0
351 1
356 1
361 0
366 0
371 1
375 1
380 0
385 0
389 1
393 1
397 0
402 0
406 1
409 1
413 0
417 0
420 1
424 1
427 0
430 1
433 0
436 1
439 0
442 0
445 1
447 1
450 0
452 1
454 0
456 1
458 0
460 1
462 0
464 1
465 1
467 0
468 0
469 1
470 0
471 1
472 0
473 1
474 0
474 1
475 1
475 0
476 0
476 1
476 0
476 1
476 1
476 0
476 1
475 0
475 0
474 1
474 1
473 0
472 1
471 0
470 1
469 0
468 1
466 0
465 1
464 0
462 0
460 1
459 1
457 0
455 1
453 1
451 0
449 0
447 1
445 0
442 1
440 1
437 0
435 0
432 1
429 0
427 1
424 1
421 0
418 0
415 1
412 1
408 0
405 1
402 0
399 0
395 1
392 1
388 0
385 1
381 0
377 1
373 0
370 0
366 1
362 1
358 0
354 1
350 0
346 1
342 1
338 0
333 0
329 1
325 0
321 1
316 0
312 1
307 0
303 1
298 1
293 0
288 0
283 1
278 0
273 1
268 1
262 0
257 0
252 1
246 0
241 1
235 1
229 0
224 1
218 0
212 0
207 1
201 1
195 0
190 1
184 0
178 1
173 0
167 0
161 1
156 1
150 0
145 0
139 1
134 1
128 0
123 1
118 0
112 1
107 0
102 1
97 0
92 1
87 0
82 1
78 0
73 0
69 1
64 1
60 0
56 1
52 1
48 0
44 0
40 1
36 0
32 1
29 0
26 1
22 0
19 0
16 1
13 1
10 0
8 1
5 0
3 1
0 1
-2 0
-4 0
-6 1
-8 0
-10 1
-11 0
-13 1
-15 0
-16 1
-17 0
-18 0
-19 1
-20 1
-21 0
-22 1
-23 1
-23 0
-24 0
-24 1
-24 0
-25 1
-25 0
-25 1
-25 0
-25 1
-25 1
-25 0
-24 0
-24 1
-24 0
-23 0
-23 1
-23 1
-22 0
-21 1
-21 0
-20 1
-20 0
-19 1
-18 0
-17 1
-17 0
-16 1
-15 0
-14 1
-14 0
-13 1
-12 0
-11 1
-11 0
-10 1
-9 0
-8 1
-8 0
-7 1
-6 0
-6 1
-5 0
-4 1
-4 0
-3 1
-3 0
-2 1
-2 0
-1 1
-1 1
-1 0
-1 0
0 1
0 0
0 0
0 1
0 0
0 1
0 1
0 0
0 1
0 0
0 1
0 0
0 1
0 1
0 0
0 0
0 1
0 0
0 1
0 0
0 0
0 1
0 1
0 0
0 1
0 0
0 1
0 0
0 1
0 0
0 1
0 1
0 0
0 0
0 1
0 0
0 0
0 1
0 1
0 0
0 1
0 0
0 1
0 0
0 1
0 0
0 0
0 1
0 1
0 0
0 1
0 1
0 0
0 0
0 1
0 0
0 1
0 0
0 1
0 0
0 1
0 0
0 0
0 1
0 1
0 0
0 1
0 0
0 1
0 0
0 1
0 0
0 1
0 1
0 0
0 0
0 1
0 0
0 0
0 1
0 1
0 0
0 1
0 0
0 1
0 0
0 1
0 0
0 1
0 0
0 0
0 1
0 1
0 0
0 1
0 1
0 0
0 0
0 1
0 0
0 1
0 0
0 1
0 0
0 1
0 0
0 0
0 1
0 1
0 0
0 1
0 0
0 1
0 0
0 1
0 1
0 0
0 0
0 1
0 0
0 0
0 1
0 1
0 0
0 1
0 0
0 1
0 0
0 1
0 0
0 1
0 0
