0 1
0 0
0 0
0 1
0 0
0 1
0 1
0 0
0 0
0 1
0 1
0 0
0 1
0 0
0 0
0 1
0 1
0 0
0 0
0 1
0 0
0 1
0 1
0 0
0 0
0 1
0 1
0 0
0 1
0 0
0 0
0 1
0 1
0 0
0 0
0 1
0 0
0 1
0 1
0 0
0 0
0 1
0 1
0 0
0 1
0 0
0 0
0 1
0 0
0 1
0 1
0 0
0 0
0 1
0 1
0 0
0 1
0 0
0 0
0 1
0 1
0 0
0 0
0 1
0 0
0 1
0 1
0 0
0 0
0 1
0 1
0 0
0 0
0 1
0 1
0 0
0 1
0 0
0 0
0 1
0 0
0 1
0 1
0 0
0 1
0 0
0 0
0 1
0 0
0 1
0 1
0 0
0 0
0 1
0 1
0 0
0 0
0 1
0 1
0 0
0 1
0 0
0 0
0 1
0 0
0 1
0 1
0 0
0 0
0 1
0 1
0 0
0 1
0 0
0 0
0 1
0 0
0 1
0 1
0 0
0 0
0 1
0 1
0 0
0 0
0 1
0 1
0 0
0 0
0 1
0 1
0 0
0 1
1 0
1 0
1 1
1 0
2 1
2 1
3 0
3 0
3 1
4 1
4 0
5 0
5 1
6 1
6 0
7 0
8 1
8 1
9 0
9 1
10 0
11 0
11 1
12 0
12 1
13 1
14 0
14 0
15 1
15 1
16 0
16 0
17 1
17 1
17 0
18 0
18 1
18 1
19 0
19 0
19 1
19 1
19 0
19 0
19 1
19 1
19 0
19 0
19 1
18 1
18 0
18 1
17 0
16 0
16 1
15 0
14 1
13 1
12 0
11 0
10 1
9 1
8 0
6 1
5 0
3 0
1 1
0 0
-2 1
-4 1
-6 0
-8 0
-10 1
-13 1
-15 0
-17 1
-20 0
-22 0
-25 1
-28 0
-31 1
-34 1
-37 0
-40 1
-43 0
-46 0
-50 1
-53 1
-57 0
-60 0
-64 1
-68 1
-71 0
-75 0
-79 1
-83 1
-87 0
-91 0
-95 1
-99 1
-104 0
-108 0
-112 1
-116 0
-121 1
-125 1
-129 0
-134 1
-138 0
-143 0
-147 1
-151 0
-156 1
-160 1
-165 0
-169 0
-173 1
-178 1
-182 0
-186 0
-191 1
-195 0
-199 1
-203 1
-207 0
-212 0
-216 1
-219 0
-223 1
-227 1
-231 0
-235 0
-238 1
-242 0
-245 1
-248 0
-252 1
-255 1
-258 0
-262 0
-265 1
-268 0
-271 1
-274 0
-277 1
-281 0
-284 0
-287 1
-289 1
-292 0
-295 1
-298 1
-301 0
-304 0
-306 1
-309 0
-312 1
-314 0
-317 1
-319 0
-321 1
-324 0
-326 1
-328 0
-331 0
-333 1
-335 0
-337 1
-339 1
-341 0
-343 1
-345 0
-346 1
-348 0
-350 0
-351 1
-353 0
-354 1
-356 1
-357 0
-358 1
-359 0
-360 0
-362 1
-363 0
-363 1
-364 1
-365 0
-366 0
-366 1
-367 0
-368 1
-368 0
-368 1
-369 0
-369 1
-369 1
-369 0
-369 0
-369 1
-369 0
-368 1
-368 0
-368 0
-367 1
-367 1
-366 0
-365 1
-365 0
-364 1
-363 0
-362 1
-360 0
-359 0
-358 1
-357 1
-355 0
-354 1
-352 0
-350 0
-348 1
-347 1
-345 0
-343 0
-340 1
-338 1
-336 0
-333 0
-331 1
-328 0
-326 1
-323 1
-320 0
-317 0
-314 1
-311 0
-308 1
-305 0
-301 1
-298 0
-295 1
-291 1
-287 0
-284 0
-280 1
-276 0
-272 1
-268 0
-263 0
-259 1
-255 1
-250 0
-246 1
-241 0
-237 1
-232 0
-228 1
-223 0
-219 1
-214 0
-209 0
-204 1
-200 1
-195 0
-190 1
-185 0
-180 0
-175 1
-170 1
-165 0
-160 1
-155 0
-149 0
-144 1
-139 0
-133 1
-128 1
-122 0
-116 1
-111 0
-105 0
-99 1
-93 0
-87 1
-81 1
-75 0
-68 0
-62 1
-55 1
-49 0
-42 0
-35 1
-28 1
-21 0
-14 0
-7 1
0 0
8 1
15 0
23 1
31 0
39 1
47 0
55 1
63 1
72 0
80 0
89 1
98 1
107 0
116 0
125 1
135 0
144 1
154 1
164 0
174 0
184 1
194 0
205 1
215 1
226 0
237 0
248 1
259 0
270 1
282 0
293 1
305 0
316 1
328 1
340 0
353 1
365 0
377 0
390 1
402 0
415 1
428 1
441 0
454 0
467 1
481 1
494 0
507 1
521 0
534 0
548 1
562 1
576 0
589 1
603 0
617 0
631 1
645 1
659 0
673 1
687 0
701 1
715 0
729 1
743 0
757 1
771 1
785 0
799 0
813 1
827 0
841 1
854 0
868 1
882 1
895 0
908 0
922 1
935 0
948 1
961 1
973 0
986 1
998 0
1011 1
1023 0
1035 1
1046 0
1058 1
1069 1
1080 0
1091 0
1102 1
1113 0
1123 1
1133 1
1143 0
1153 1
1163 0
1172 0
1182 1
1191 1
1200 0
1209 1
1218 0
1226 1
1235 0
1243 1
1251 0
1259 1
1267 0
1274 1
1281 1
1288 0
1295 1
1302 1
1308 0
1314 0
1321 1
1326 0
1332 1
1337 0
1342 1
1347 1
1352 0
1356 1
1361 0
1365 0
1368 1
1372 1
1375 0
1378 0
1381 1
1383 1
1386 1
1388 0
1389 0
1391 1
1392 1
1393 0
1394 1
1394 0
1394 1
1394 0
1393 1
1393 1
1392 0
1390 1
1389 0
1387 0
1385 1
1382 0
1380 1
1377 1
1373 0
1370 1
1366 0
1361 1
1357 1
1352 0
1347 0
1341 1
1336 1
1329 0
1323 1
1316 0
1309 1
1302 0
1294 1
1286 0
1278 1
1269 0
1260 1
1251 1
1242 0
1232 0
1221 1
1211 1
1200 1
1189 0
1177 0
1165 1
1153 1
1140 0
1128 0
1114 1
1101 1
1087 0
1073 0
1058 1
1043 1
1028 0
1013 1
997 0
981 1
964 1
947 0
930 0
912 1
895 0
876 1
858 1
839 0
820 1
800 0
781 1
760 0
740 1
719 0
698 1
677 0
655 1
633 1
610 0
588 0
564 1
541 1
517 0
493 0
469 1
445 1
420 0
394 1
369 0
343 1
317 0
290 1
264 0
237 1
209 0
182 1
154 0
125 1
97 0
68 1
39 0
10 1
-20 1
-50 0
-80 0
-110 1
-141 1
-172 0
-203 0
-235 1
-266 0
-298 1
-331 1
-363 0
-396 0
-429 1
-462 1
-495 0
-529 0
-563 1
-597 0
-631 1
-666 1
-701 0
-736 0
-771 1
-806 1
-842 0
-878 0
-914 1
-950 0
-986 1
-1023 0
-1059 1
-1096 0
-1133 1
-1170 0
-1208 1
-1245 0
-1283 0
-1321 1
-1359 1
-1397 0
-1435 1
-1473 0
-1512 1
-1550 0
-1589 0
-1628 1
-1667 0
-1706 1
-1745 1
-1784 0
-1823 0
-1863 1
-1902 0
-1942 0
-1981 1
-2021 0
-2061 1
-2100 0
-2140 1
-2180 0
-2220 1
-2260 0
-2300 1
-2340 0
-2380 1
-2420 0
-2460 1
-2500 0
-2540 0
-2580 1
-2620 0
-2660 0
-2700 1
-2740 0
-2779 1
-2819 0
-2859 1
-2899 0
-2938 1
-2978 0
-3018 1
-3057 0
-3096 0
-3136 1
-3175 0
-3214 0
-3253 1
-3292 0
-3331 1
-3369 0
-3408 1
-3446 0
-3485 1
-3523 0
-3561 0
-3599 1
-3636 0
-3674 1
-3711 0
-3748 0
-3785 0
-3822 1
-3859 0
-3895 1
-3931 0
-3967 1
-4003 0
-4039 1
-4074 0
-4109 0
-4144 1
-4179 0
-4213 0
-4247 1
-4281 0
-4315 0
-4348 1
-4381 0
-4414 1
-4447 0
-4479 0
-4511 1
-4542 0
-4574 1
-4605 0
-4635 1
-4666 0
-4696 0
-4726 0
-4755 1
-4784 0
-4813 1
-4841 0
-4869 0
-4897 0
-4924 1
-4951 0
-4977 1
-5004 0
-5029 0
-5055 1
-5080 0
-5104 0
-5128 1
-5152 0
-5175 1
-5198 0
-5221 0
-5243 1
-5264 0
-5286 0
-5306 1
-5327 0
-5347 0
-5366 1
-5385 0
-5403 0
-5421 1
-5439 0
-5456 0
-5473 1
-5489 0
-5504 0
-5520 1
-5534 0
-5548 1
-5562 0
-5575 0
-5588 0
-5600 1
-5612 0
-5623 0
-5633 1
-5643 0
-5653 0
-5662 1
-5670 0
-5678 1
-5686 0
-5693 0
-5699 0
-5705 1
-5710 0
-5715 0
-5719 1
-5722 0
-5725 0
-5728 1
-5730 0
-5731 0
-5732 1
-5732 0
-5732 0
-5731 1
-5729 0
-5727 1
-5724 0
-5721 0
-5717 0
-5713 0
-5708 1
-5702 0
-5696 1
-5689 0
-5682 0
-5674 1
-5665 0
-5656 0
-5646 0
-5636 1
-5625 0
-5614 1
-5602 0
-5589 0
-5576 1
-5562 0
-5547 0
-5532 0
-5516 1
-5500 0
-5483 0
-5466 1
-5448 0
-5429 0
-5410 1
-5390 0
-5370 1
-5349 0
-5327 0
-5305 0
-5282 1
-5259 0
-5235 0
-5211 1
-5186 0
-5161 1
-5135 0
-5109 0
-5082 0
-5054 1
-5026 0
-4998 1
-4968 0
-4939 0
-4909 0
-4878 0
-4847 1
-4815 0
-4782 1
-4749 0
-4716 1
-4682 0
-4647 0
-4612 1
-4577 0
-4541 0
-4504 1
-4467 0
-4429 0
-4391 0
-4352 1
-4312 0
-4272 1
-4232 0
-4191 1
-4149 0
-4107 0
-4064 0
-4021 1
-3977 0
-3933 1
-3888 0
-3843 0
-3797 0
-3750 1
-3703 0
-3655 1
-3607 0
-3559 1
-3510 0
-3460 0
-3410 1
-3359 0
-3307 1
-3256 0
-3203 0
-3150 0
-3097 1
-3043 0
-2989 1
-2934 0
-2878 0
-2822 1
-2766 0
-2709 1
-2651 0
-2594 0
-2535 1
-2476 0
-2417 1
-2357 0
-2297 1
-2236 0
-2175 0
-2113 1
-2051 0
-1988 0
-1926 1
-1862 0
-1798 1
-1734 0
-1669 1
-1604 0
-1539 0
-1473 1
-1407 0
-1341 1
-1274 1
-1207 0
-1139 0
-1071 0
-1003 1
-934 0
-866 1
-797 0
-727 1
-658 0
-588 1
-517 0
-447 1
-376 0
-306 0
-235 1
-163 1
-92 0
-20 0
52 1
123 0
195 0
268 1
340 1
412 0
485 1
557 0
630 1
703 0
775 1
848 0
921 1
993 0
1066 1
1139 0
1212 1
1284 0
1357 1
1429 0
1502 1
1574 0
1646 1
1718 0
1790 1
1862 0
1933 1
2005 0
2076 1
2147 0
2218 1
2288 0
2359 1
2429 1
2499 0
2569 1
2639 1
2708 0
2778 0
2847 1
2916 1
2984 0
3053 1
3121 0
3189 1
3257 0
3324 1
3391 1
3458 0
3525 0
3591 1
3657 1
3723 0
3788 1
3853 1
3918 0
3982 0
4046 1
4110 1
4173 1
4236 0
4299 1
4361 1
4423 0
4484 1
4545 0
4605 1
4666 0
4725 1
4784 0
4843 1
4902 1
4959 1
5017 0
5074 1
5130 1
5186 0
5242 1
5297 0
5351 1
5405 1
5458 0
5511 1
5564 1
5615 0
5667 1
5717 0
5768 1
5817 1
5866 0
5915 1
5963 1
6010 0
6057 1
6103 1
6148 0
6193 1
6238 1
6281 1
6324 0
6367 1
6409 1
6450 0
6490 1
6530 1
6569 0
6608 1
6646 1
6683 0
6720 1
6756 1
6791 0
6826 1
6860 0
6893 1
6925 1
6957 1
6988 1
7019 0
7048 1
7077 0
7106 1
7133 1
7160 1
7187 1
7212 0
7237 1
7261 1
7284 0
7307 1
7329 1
7350 0
7370 1
7390 1
7409 1
7427 0
7444 1
7461 1
7477 0
7492 1
7507 1
7520 1
7533 0
7545 1
7557 1
7568 1
7578 0
7587 1
7595 0
7603 1
7610 1
7616 1
7621 1
7626 0
7629 1
7632 1
7634 0
7635 1
7636 1
7636 1
7635 1
7633 0
7630 1
7627 1
7623 0
7618 1
7612 1
7606 1
7598 0
7590 1
7582 0
7572 1
7562 1
7551 1
7540 1
7527 1
7515 0
7501 1
7486 1
7471 0
7456 1
7439 1
7422 1
7404 0
7386 1
7367 1
7347 0
7327 1
7306 1
7284 0
7262 1
7239 1
7216 1
7192 1
7167 0
7142 1
7116 1
7090 1
7063 0
7036 1
7008 1
6980 0
6951 1
6921 1
6891 1
6861 0
6830 1
6799 0
6767 1
6734 1
6702 1
6668 1
6635 0
6601 1
6566 1
6531 0
6496 1
6460 1
6424 1
6388 0
6351 1
6313 1
6276 0
6238 1
6200 1
6161 1
6122 0
6083 1
6043 0
6003 1
5963 1
5922 1
5881 0
5840 1
5799 1
5757 0
5715 1
5673 1
5630 1
5587 0
5544 1
5501 1
5457 0
5414 1
5370 1
5326 0
5281 1
5236 0
5192 1
5146 1
5101 1
5056 0
5010 1
4964 1
4918 1
4872 0
4825 1
4779 0
4732 1
4685 1
4638 0
4591 1
4543 1
4496 0
4448 1
4400 1
4352 0
4304 1
4255 0
4207 1
4158 1
4109 0
4061 1
4012 1
3962 1
3913 0
3864 1
3814 0
3765 1
3715 1
3665 0
3615 1
3565 1
3515 0
3465 1
3414 0
3364 1
3314 1
3263 0
3213 1
3162 0
3112 1
3061 1
3011 0
2961 1
2911 0
2860 1
2810 1
2760 1
2710 0
2661 1
2611 0
2561 1
2512 0
2462 1
2413 0
2364 1
2315 1
2266 0
2218 1
2169 1
2121 0
2073 1
2025 0
1977 1
1929 0
1882 1
1835 1
1788 0
1741 1
1695 0
1649 1
1603 1
1557 0
1511 0
1466 1
1421 1
1377 0
1332 0
1288 1
1244 1
1201 1
1157 0
1114 1
1072 0
1030 0
988 1
946 1
905 1
864 0
823 0
783 1
743 1
703 0
664 0
625 1
587 1
549 0
511 1
474 0
437 1
401 0
365 1
329 0
294 1
259 1
225 0
191 0
157 1
124 0
91 1
59 0
27 1
-4 1
-35 0
-65 0
-95 1
-124 1
-153 0
-182 1
-210 0
-237 1
-265 0
-291 0
-317 1
-343 1
-368 0
-392 1
-417 0
-440 0
-463 1
-486 1
-508 0
-529 1
-550 0
-571 0
-591 1
-610 1
-629 0
-648 0
-666 1
-683 1
-700 0
-716 0
-732 1
-747 1
-762 0
-776 0
-790 1
-803 0
-815 1
-827 0
-839 1
-850 1
-860 0
-870 0
-879 1
-888 0
-896 1
-904 0
-911 0
-918 1
-924 0
-930 1
-935 1
-940 0
-944 0
-948 1
-951 1
-953 0
-956 0
-957 1
-958 1
-959 0
-958 0
-958 1
-957 0
-955 1
-953 0
-950 0
-947 1
-943 1
-939 0
-934 0
-928 1
-922 1
-916 0
-909 0
-901 1
-893 0
-884 1
-875 0
-865 1
-855 0
-844 1
-833 0
-821 1
-808 0
-795 0
-781 1
-767 1
-752 0
-737 1
-721 0
-705 0
-688 1
-670 0
-652 1
-634 0
-615 1
-595 0
-575 1
-554 0
-533 1
-511 0
-489 0
-466 1
-442 1
-418 0
-394 1
-369 0
-343 0
-317 1
-291 1
-264 0
-236 0
-208 1
-179 1
-150 0
-121 0
-91 1
-60 0
-29 1
2 0
34 1
67 0
100 1
133 0
167 1
201 0
236 1
271 0
307 1
343 0
379 1
416 0
454 1
491 0
529 1
568 1
607 0
646 0
686 1
725 0
766 0
806 1
847 1
889 0
930 1
972 0
1015 1
1057 0
1100 1
1143 1
1187 0
1230 0
1274 1
1319 1
1363 0
1408 1
1453 0
1498 0
1543 1
1589 1
1635 0
1681 1
1727 0
1774 1
1821 0
1868 1
1915 0
1962 1
2009 0
2057 1
2104 1
2152 0
2200 1
2248 0
2296 1
2344 0
2392 1
2440 0
2488 1
2537 1
2585 0
2633 1
2681 0
2730 1
2778 0
2826 1
2875 0
2923 1
2972 1
3020 0
3068 1
3117 0
3165 1
3213 1
3261 0
3309 0
3358 1
3405 1
3453 1
3501 0
3549 0
3596 1
3644 1
3691 0
3738 1
3785 1
3832 0
3879 1
3926 1
3972 0
4019 0
4065 1
4111 1
4156 0
4202 1
4247 1
4293 0
4338 1
4382 0
4427 1
4471 0
4516 1
4559 1
4603 1
4647 0
4690 1
4733 0
4776 1
4818 1
4860 0
4902 1
4944 1
4986 0
5027 1
5068 0
5108 1
5149 1
5189 1
5229 0
5269 1
5308 0
5347 1
5386 0
5424 1
5463 1
5501 1
5538 0
5576 1
5613 0
5649 1
5686 1
5722 0
5758 1
5794 1
5829 1
5864 0
5899 1
5934 0
5968 1
6002 1
6035 0
6069 1
6102 1
6134 1
6167 0
6199 1
6231 1
6262 0
6294 1
6325 1
6355 0
6386 1
6416 0
6446 1
6475 1
6504 1
6533 0
6562 1
6590 0
6618 1
6646 1
6673 1
6701 1
6727 0
6754 1
6780 1
6806 0
6832 1
6857 1
6882 0
6907 1
6931 1
6956 0
6980 1
7003 1
7026 1
7049 0
7072 1
7094 1
7116 0
7137 1
7158 1
7179 0
7200 1
7219 1
7239 1
7258 0
7277 1
7296 1
7314 0
7331 1
7349 1
7366 1
7382 1
7399 0
7415 1
7430 0
7445 1
7460 1
7475 1
7489 0
7502 1
7516 1
7529 1
7542 0
7554 1
7566 1
7578 0
7590 1
7601 1
7611 1
7622 0
7632 1
7642 1
7651 1
7661 0
7670 1
7678 1
7687 0
7695 1
7702 1
7710 1
7717 0
7724 1
7731 1
7737 1
7743 0
7749 1
7755 1
7760 0
7765 1
7770 1
7774 1
7779 0
7783 1
7787 1
7791 1
7794 1
7797 0
7800 1
7803 1
7805 1
7808 0
7810 1
7812 0
7814 1
7815 1
7817 1
7818 0
7819 1
7819 1
7820 1
7821 0
7821 1
7821 1
7821 0
7820 1
7820 1
7819 1
7819 1
7818 1
7816 1
7815 0
7814 1
7812 0
7810 1
7808 1
7806 0
7804 1
7802 1
7799 1
7796 0
7794 1
7791 1
7787 1
7784 0
7781 1
7777 1
7773 1
7770 0
7765 1
7761 1
7757 1
7752 0
7748 1
7743 1
7738 1
7733 0
7728 1
7722 1
7717 0
7711 1
7705 1
7699 1
7693 1
7686 0
7679 1
7672 1
7665 0
7657 1
7650 1
7642 1
7633 0
7625 1
7617 1
7608 1
7599 0
7590 1
7580 0
7571 1
7561 1
7551 1
7541 1
7531 1
7520 0
7510 1
7499 1
7488 0
7477 1
7466 1
7455 0
7444 1
7433 1
7422 1
7411 0
7399 1
7388 1
7377 1
7365 1
7354 0
7342 1
7331 1
7319 1
7308 0
7296 1
7285 0
7273 1
7262 1
7251 0
7239 1
7228 1
7216 1
7205 0
7194 1
7183 1
7171 1
7160 1
7149 0
7138 1
7127 1
7116 0
7105 1
7094 1
7083 0
7073 1
7062 1
7051 1
7041 1
7030 0
7020 1
7009 1
6999 0
6989 1
6979 1
6968 0
6958 1
6948 1
6938 0
6928 1
6918 1
6909 1
6899 0
6889 1
6880 1
6870 0
6860 1
6851 1
6841 1
6832 1
6823 0
6813 1
6804 1
6795 0
6786 1
6776 1
6767 0
6758 1
6749 1
6740 1
6731 0
6722 1
6712 1
6703 0
6694 1
6685 1
6676 0
6667 1
6658 1
6649 0
6640 1
6631 1
6622 1
6612 0
6603 1
6594 1
6585 1
6576 0
6566 1
6557 1
6548 0
6538 1
6529 1
6519 1
6510 0
6500 1
6490 1
6481 0
6471 1
6461 1
6451 0
6442 1
6432 1
6422 0
6411 1
6401 1
6391 0
6381 1
6370 1
6360 1
6350 0
6339 1
6328 1
6318 0
6307 1
6296 1
6285 1
6275 0
6264 1
6253 1
6242 1
6231 0
6220 1
6209 0
6197 1
6186 1
6175 0
6164 1
6152 1
6141 0
6130 1
6119 1
6107 1
6096 0
6084 1
6073 1
6062 1
6050 0
6039 1
6027 0
6016 1
6004 1
5993 0
5982 1
5970 1
5959 1
5948 0
5936 1
5925 1
5914 0
5902 1
5891 1
5880 0
5869 1
5858 1
5847 0
5836 1
5825 1
5814 0
5803 1
5792 1
5781 1
5770 0
5760 1
5749 1
5739 0
5728 1
5718 1
5708 0
5698 1
5688 1
5677 0
5668 1
5658 0
5648 1
5638 1
5629 1
5619 0
5610 1
5601 1
5592 0
5582 1
5573 1
5565 1
5556 0
5547 1
5539 0
5530 1
5522 1
5514 0
5506 1
5498 1
5490 0
5482 1
5474 1
5467 1
5459 0
5452 1
5445 1
5438 0
5431 1
5424 0
5417 1
5410 1
5404 0
5397 1
5391 1
5385 0
5379 1
5372 1
5367 0
5361 1
5355 1
5349 1
5343 0
5338 1
5332 1
5327 0
5322 1
5317 1
5311 0
5306 1
5301 0
5296 1
5291 1
5286 0
5282 1
5277 1
5272 0
5268 1
5263 1
5258 0
5254 1
5249 1
5245 0
5240 1
5236 1
5231 1
5227 0
5222 1
5218 0
5213 1
5209 1
5205 0
5200 1
5196 1
5191 0
5187 1
5182 1
5177 0
5173 1
5168 1
5164 0
5159 1
5154 1
5150 0
5145 1
5140 1
5136 0
5131 1
5127 0
5122 1
5118 1
5113 0
5109 1
5105 1
5100 1
5096 0
5091 1
5087 1
5083 0
5078 1
5074 0
5070 1
5065 1
5061 1
5057 0
5053 1
5048 0
5044 1
5040 1
5036 0
5032 1
5027 0
5023 1
5019 1
5015 1
5011 0
5007 1
5002 1
4998 0
4994 1
4990 1
4986 0
4982 1
4978 1
4974 0
4969 1
4965 0
4961 1
4957 1
4953 0
4949 1
4945 1
4941 0
4937 1
4933 1
4928 1
4924 0
4920 1
4916 0
4912 1
4908 0
4904 1
4900 1
4896 0
4892 1
4888 1
4883 1
4879 0
4875 1
4871 0
4867 1
4863 1
4859 1
4855 0
4851 1
4846 0
4842 1
4838 1
4834 1
4830 0
4826 0
4821 1
4817 1
4813 1
4809 0
4805 1
4800 0
4796 1
4792 1
4788 0
4784 1
4779 1
4775 0
4771 1
4767 0
4762 1
4758 1
4754 1
4750 1
4745 0
4741 1
4737 0
4732 1
4728 1
4724 0
4719 1
4715 0
4711 1
4706 1
4702 0
4697 1
4693 0
4689 1
4684 1
4680 1
4676 0
4671 1
4667 1
4662 0
4658 1
4654 0
4650 1
4645 1
4641 0
4637 1
4633 1
4629 0
4625 1
4621 1
4617 0
4613 1
4609 1
4606 0
4602 1
4598 1
4594 0
4591 1
4587 0
4583 1
4579 0
4576 1
4572 1
4568 0
4565 1
4561 1
4557 0
4554 1
4550 1
4546 1
4542 0
4539 1
4535 1
4531 0
4527 1
4523 0
4519 1
4515 1
4511 0
4507 1
4503 0
4499 1
4495 0
4491 1
4486 1
4482 1
4478 0
4473 1
4469 1
4464 0
4459 1
4454 0
4449 1
4444 1
4439 1
4434 0
4429 1
4424 0
4418 1
4413 0
4407 1
4401 1
4396 1
4390 0
4384 1
4377 0
4371 1
4365 0
4358 1
4352 1
4345 1
4339 0
4332 1
4325 1
4318 0
4310 1
4303 1
4296 0
4288 1
4281 0
4273 1
4265 0
4257 1
4249 0
4241 1
4233 1
4225 1
4216 0
4208 1
4200 1
4191 0
4182 1
4174 1
4165 0
4156 1
4147 0
4138 1
4129 1
4120 0
4111 1
4102 1
4093 0
4083 1
4074 0
4065 1
4056 1
4046 0
4037 1
4028 0
4018 1
4009 1
4000 0
3991 1
3982 1
3972 0
3963 1
3954 1
3945 0
3935 1
3926 0
3917 1
3908 1
3899 1
3889 0
3880 0
3871 1
3862 1
3853 0
3844 1
3836 1
3827 0
3819 1
3810 0
3802 1
3794 1
3786 0
3778 1
3771 1
3763 0
3756 1
3749 0
3742 1
3735 1
3728 0
3721 1
3715 1
3709 0
3702 1
3696 0
3690 1
3685 1
3679 0
3674 1
3669 1
3663 0
3659 0
3654 1
3650 1
3645 0
3641 1
3638 1
3634 1
3631 0
3628 0
3625 1
3622 1
3619 1
3617 0
3615 0
3613 1
3612 1
3611 1
3610 0
3609 1
3608 0
3608 1
3608 0
3608 1
3608 1
3609 1
3610 0
3611 0
3612 1
3614 1
3616 0
3618 1
3620 1
3623 0
3626 1
3629 1
3632 0
3635 1
3639 0
3643 1
3647 0
3652 1
3656 1
3661 0
3667 1
3672 1
3677 0
3683 1
3689 0
3695 1
3702 0
3708 1
3715 1
3722 0
3729 1
3737 1
3744 1
3752 0
3760 1
3768 0
3776 1
3785 0
3793 1
3802 0
3811 1
3820 1
3829 0
3838 1
3848 1
3858 0
3867 1
3877 0
3887 1
3897 1
3908 1
3918 0
3929 0
3939 1
3950 1
3961 1
3972 0
3983 0
3994 1
4005 1
4017 1
4028 0
4040 1
4051 0
4063 1
4075 0
4086 1
4098 1
4110 0
4122 1
4134 1
4147 0
4159 1
4171 1
4183 0
4196 1
4208 1
4221 0
4234 1
4247 0
4260 1
4273 0
4286 1
4300 1
4314 0
4327 1
4341 1
4355 0
4369 1
4384 1
4398 0
4412 1
4427 0
4442 1
4457 1
4472 0
4487 1
4502 1
4517 0
4532 1
4548 0
4563 1
4579 1
4594 0
4610 1
4626 1
4642 0
4658 1
4674 1
4690 0
4706 1
4722 1
4738 0
4754 1
4770 0
4787 1
4803 1
4819 0
4836 1
4852 0
4868 1
4885 1
4901 0
4917 1
4933 1
4950 1
4966 0
4982 1
4999 0
5015 1
5031 1
5047 0
5063 1
5079 1
5095 1
5111 0
5127 0
5143 1
5158 1
5174 1
5189 0
5205 1
5220 0
5236 1
5251 1
5266 0
5281 1
5296 0
5311 1
5325 1
5340 1
5355 1
5369 0
5383 1
5397 0
5411 1
5425 1
5439 1
5453 0
5466 1
5480 0
5493 1
5506 0
5519 1
5532 1
5544 1
5557 0
5569 1
5581 1
5594 0
5605 1
5617 0
5629 1
5640 1
5652 1
5663 0
5674 1
5685 1
5696 0
5706 1
5717 1
5727 0
5737 1
5747 1
5757 0
5766 1
5776 1
5785 0
5794 1
5803 1
5812 0
5821 1
5830 1
5838 0
5846 1
5854 1
5862 0
5869 1
5876 1
5883 0
5890 1
5897 1
5903 0
5910 1
5916 1
5922 1
5927 0
5933 1
5938 0
5944 1
5949 1
5954 1
5959 0
5963 1
5968 1
5972 0
5977 1
5981 1
5985 0
5988 1
5992 1
5995 0
5998 1
6001 0
6004 1
6007 1
6010 1
6012 1
6014 0
6016 1
6018 0
6020 1
6021 1
6023 1
6024 0
6025 1
6026 1
6027 0
6027 1
6028 1
6028 0
6028 1
6028 1
6028 0
6027 1
6027 1
6026 0
6025 1
6024 0
6023 1
6021 1
6020 1
6018 1
6016 0
6014 1
6012 1
6009 1
6007 0
6004 1
6001 0
5997 1
5994 1
5990 0
5986 1
5982 0
5978 1
5974 1
5969 1
5964 0
5959 1
5953 1
5948 1
5942 0
5936 1
5929 1
5923 0
5916 1
5909 1
5901 0
5893 1
5885 1
5877 0
5869 1
5860 0
5851 1
5841 1
5832 1
5822 1
5811 0
5800 1
5789 0
5778 1
5766 1
5754 1
5742 0
5729 1
5716 0
5703 1
5689 1
5675 1
5661 0
5646 1
5631 0
5615 1
5599 1
5583 1
5566 0
5549 1
5531 1
5513 1
5495 0
5476 1
5457 0
5437 1
5417 1
5397 0
5376 1
5354 1
5333 0
5311 1
5288 0
5265 1
5242 1
5218 1
5193 1
5169 0
5143 1
5118 0
5092 1
5065 1
5038 0
5011 1
4983 1
4955 0
4926 1
4897 1
4868 0
4838 1
4807 1
4776 0
4745 1
4713 1
4681 1
4649 0
4616 0
4583 1
4549 1
4515 1
4480 0
4445 1
4410 0
4374 1
4338 1
4302 0
4265 1
4228 1
4190 0
4152 1
4114 1
4075 0
4036 1
3997 0
3957 1
3917 1
3877 1
3837 0
3796 1
3754 1
3713 0
3671 1
3629 0
3587 1
3544 0
3501 1
3458 0
3415 1
3371 1
3327 1
3283 0
3239 1
3194 1
3149 0
3104 1
3059 0
3013 1
2968 0
2922 1
2876 1
2830 0
2783 1
2737 0
2690 1
2643 1
2596 1
2549 0
2502 0
2454 1
2407 1
2359 0
2311 1
2264 1
2216 0
2167 1
2119 0
2071 1
2023 0
1974 1
1926 1
1877 0
1828 0
1779 1
1730 1
1682 0
1633 1
1584 1
1534 0
1485 1
1436 0
1387 1
1337 0
1288 1
1239 0
1189 1
1140 1
1090 0
1041 1
991 0
942 1
892 1
842 0
793 0
743 1
693 1
643 0
593 1
544 0
494 0
444 1
394 1
344 0
294 1
244 0
194 1
144 0
94 1
43 0
-7 1
-57 0
-107 1
-158 1
-208 0
-259 1
-309 0
-360 1
-411 0
-462 1
-513 0
-564 0
-615 1
-667 1
-718 0
-769 0
-821 1
-872 1
-924 0
-976 0
-1028 1
-1079 1
-1131 0
-1183 0
-1235 1
-1288 0
-1340 1
-1392 1
-1444 0
-1496 0
-1548 1
-1599 0
-1651 1
-1703 0
-1755 1
-1806 0
-1857 1
-1909 0
-1960 0
-2011 1
-2062 1
-2113 0
-2164 0
-2215 1
-2265 1
-2316 0
-2366 0
-2416 0
-2466 1
-2516 1
-2566 0
-2615 0
-2665 1
-2714 0
-2763 1
-2812 0
-2861 1
-2909 0
-2957 0
-3006 1
-3054 0
-3101 1
-3149 0
-3197 0
-3244 1
-3291 1
-3338 0
-3384 0
-3431 1
-3477 0
-3523 1
-3569 0
-3615 0
-3660 1
-3705 0
-3750 0
-3795 1
-3840 0
-3884 1
-3928 0
-3972 1
-4016 0
-4059 0
-4103 1
-4146 0
-4189 1
-4231 0
-4274 0
-4316 0
-4358 1
-4400 0
-4442 1
-4483 0
-4524 1
-4565 0
-4606 1
-4647 0
-4687 0
-4727 0
-4767 1
-4807 0
-4847 0
-4886 1
-4925 0
-4964 1
-5003 0
-5042 0
-5080 1
-5118 0
-5156 0
-5194 1
-5232 0
-5269 1
-5306 0
-5344 0
-5380 1
-5417 0
-5454 1
-5490 0
-5526 0
-5562 0
-5598 0
-5633 1
-5668 0
-5704 1
-5739 0
-5773 0
-5808 1
-5843 0
-5877 0
-5911 1
-5945 0
-5978 0
-6012 1
-6045 0
-6079 0
-6112 1
-6144 0
-6177 1
-6209 0
-6242 0
-6274 0
-6306 0
-6337 1
-6369 0
-6400 1
-6431 0
-6461 0
-6492 0
-6522 1
-6552 0
-6582 1
-6611 0
-6641 0
-6670 1
-6699 0
-6727 0
-6756 0
-6784 0
-6811 1
-6839 0
-6866 1
-6894 0
-6920 0
-6947 0
-6973 1
-6999 0
-7025 0
-7051 1
-7076 0
-7101 0
-7126 0
-7151 1
-7175 0
-7199 1
-7223 0
-7246 0
-7270 0
-7293 0
-7315 1
-7338 0
-7360 0
-7382 1
-7404 0
-7425 0
-7446 1
-7467 0
-7487 0
-7508 1
-7528 0
-7547 0
-7567 0
-7586 0
-7605 0
-7623 1
-7642 0
-7660 1
-7678 0
-7695 0
-7712 0
-7729 1
-7746 0
-7762 0
-7778 1
-7794 0
-7809 0
-7824 0
-7839 0
-7854 1
-7868 0
-7882 1
-7896 0
-7909 0
-7922 0
-7935 0
-7948 0
-7960 1
-7972 0
-7983 1
-7994 0
-8005 0
-8016 0
-8026 1
-8037 0
-8046 0
-8056 0
-8065 0
-8074 1
-8082 0
-8090 0
-8098 0
-8106 1
-8113 0
-8120 1
-8127 0
-8133 0
-8139 0
-8145 0
-8150 1
-8155 0
-8160 0
-8164 0
-8168 1
-8172 0
-8175 0
-8179 0
-8181 0
-8184 1
-8186 0
-8188 0
-8189 1
-8190 0
-8191 0
-8192 1
-8192 0
-8192 0
-8191 0
-8191 1
-8189 0
-8188 0
-8186 0
-8184 0
-8182 0
-8180 1
-8177 0
-8174 0
-8170 0
-8167 1
-8163 0
-8158 1
-8154 0
-8149 0
-8144 0
-8138 0
-8132 1
-8126 0
-8120 0
-8113 0
-8106 1
-8098 0
-8090 0
-8082 1
-8073 0
-8064 0
-8055 0
-8046 0
-8036 1
-8025 0
-8014 0
-8003 0
-7992 0
-7980 1
-7968 0
-7955 0
-7942 1
-7929 0
-7915 0
-7901 1
-7886 0
-7871 0
-7856 0
-7840 1
-7824 0
-7807 0
-7790 0
-7773 0
-7755 1
-7737 0
-7719 0
-7700 0
-7680 1
-7660 0
-7640 0
-7619 0
-7598 1
-7577 0
-7555 0
-7533 1
-7510 0
-7487 0
-7464 1
-7440 0
-7415 0
-7391 0
-7365 1
-7340 0
-7314 0
-7288 0
-7261 0
-7234 0
-7206 1
-7178 0
-7150 1
-7121 0
-7092 0
-7063 0
-7033 1
-7003 0
-6972 0
-6941 1
-6910 0
-6878 0
-6846 0
-6813 1
-6780 0
-6747 0
-6714 0
-6680 1
-6646 0
-6611 0
-6576 0
-6541 1
-6505 0
-6469 1
-6433 0
-6396 0
-6360 1
-6322 0
-6285 0
-6247 0
-6209 0
-6170 1
-6132 0
-6093 0
-6053 1
-6014 0
-5974 0
-5934 1
-5893 0
-5852 0
-5811 0
-5770 1
-5729 0
-5687 0
-5645 1
-5603 0
-5560 0
-5517 1
-5474 0
-5431 1
-5388 0
-5344 0
-5300 0
-5256 1
-5212 0
-5167 0
-5122 0
-5077 1
-5032 0
-4987 1
-4941 0
-4895 0
-4849 0
-4803 1
-4757 0
-4710 1
-4663 0
-4616 1
-4569 0
-4522 0
-4474 0
-4426 0
-4379 1
-4330 0
-4282 1
-4233 0
-4184 0
-4135 1
-4086 0
-4037 0
-3987 1
-3937 0
-3888 1
-3837 0
-3787 0
-3736 1
-3686 0
-3635 0
-3584 1
-3533 0
-3481 0
-3430 1
-3378 0
-3326 1
-3274 0
-3222 0
-3169 1
-3117 0
-3064 1
-3011 0
-2958 0
-2905 1
-2852 0
-2798 0
-2745 1
-2691 0
-2637 0
-2583 1
-2529 1
-2475 0
-2420 0
-2366 1
-2311 0
-2257 0
-2202 1
-2147 0
-2092 1
-2037 0
-1982 1
-1926 0
-1871 1
-1815 0
-1760 0
-1704 1
-1648 0
-1592 0
-1536 1
-1480 0
-1424 0
-1368 1
-1312 1
-1256 0
-1199 1
-1143 0
-1086 0
-1030 1
-973 0
-917 1
-860 0
-804 1
-747 0
-690 1
-633 0
-577 1
-520 0
-463 1
-406 0
-349 0
-292 1
-235 0
-179 1
-122 0
-65 0
-8 1
49 1
106 0
163 0
219 1
276 1
333 0
390 1
446 0
503 1
560 0
616 0
673 1
729 1
786 0
842 0
898 1
954 1
1011 0
1067 1
1123 0
1179 1
1234 0
1290 0
1346 1
1401 1
1457 0
1512 1
1567 0
1623 1
1678 0
1733 1
1787 0
1842 1
1896 0
1950 1
2004 1
2058 0
2112 0
2165 1
2219 1
2272 0
2325 1
2377 1
2430 0
2482 0
2534 1
2586 0
2638 1
2690 1
2741 0
2792 1
2843 0
2894 1
2945 1
2995 0
3046 1
3096 0
3145 1
3195 0
3245 1
3294 0
3343 1
3392 0
3440 1
3489 1
3537 1
3585 0
3633 1
3681 0
3728 1
3775 0
3822 1
3869 0
3916 1
3962 1
4008 1
4054 0
4100 1
4146 0
4191 1
4236 0
4281 1
4325 1
4370 0
4414 1
4457 0
4501 1
4544 1
4588 1
4630 0
4673 0
4715 1
4757 1
4799 0
4841 1
4882 1
4923 1
4964 0
5004 0
5044 1
5084 1
5124 1
5163 0
5202 1
5240 1
5279 0
5317 1
5354 0
5392 1
5429 0
5465 1
5502 1
5538 1
5573 1
5608 0
5643 1
5678 0
5712 1
5746 0
5779 1
5812 1
5845 1
5877 0
5909 1
5940 1
5971 0
6002 1
6032 1
6062 0
6091 1
6120 1
6148 0
6176 1
6204 1
6231 0
6258 1
6284 1
6310 0
6335 1
6360 1
6384 0
6408 1
6431 1
6454 0
6476 1
6498 1
6519 1
6540 0
6561 1
6581 0
6600 1
6619 1
6637 1
6655 1
6672 0
6689 1
6705 1
6720 0
6736 1
6750 0
6764 1
6778 1
6791 1
6803 0
6815 1
6826 1
6837 1
6847 0
6857 1
6866 0
6875 1
6883 1
6890 1
6897 0
6903 1
6909 1
6914 1
6919 0
6923 1
6926 1
6929 0
6932 1
6934 1
6935 0
6936 1
6936 1
6936 1
6935 0
6934 1
6932 1
6929 1
6926 0
6923 1
6919 0
6914 1
6909 1
6904 1
6898 1
6891 0
6885 1
6877 0
6869 1
6861 1
6852 1
6843 1
6833 0
6823 1
6812 0
6801 1
6789 1
6777 1
6765 0
6752 1
6739 1
6725 1
6711 0
6697 1
6682 1
6667 0
6651 1
6635 1
6619 0
6602 1
6585 1
6568 1
6550 0
6532 1
6513 1
6494 0
6475 1
6456 1
6436 1
6416 0
6396 1
6375 1
6354 0
6333 1
6311 1
6290 0
6268 1
6245 1
6223 1
6200 0
6177 1
6153 0
6130 1
6106 1
6082 1
6057 1
6033 0
6008 1
5983 1
5957 0
5932 1
5906 0
5880 1
5854 1
5827 1
5801 0
5774 1
5747 1
5720 0
5692 1
5664 1
5636 0
5608 1
5580 1
5552 1
5523 0
5494 1
5465 0
5436 1
5406 1
5377 0
5347 1
5317 1
5286 1
5256 0
5225 1
5194 1
5163 0
5132 1
5101 1
5069 0
5037 1
5005 1
4973 0
4940 1
4908 1
4875 0
4843 1
4810 0
4777 1
4744 1
4710 0
4677 1
4643 1
4609 0
4575 1
4541 1
4507 1
4472 0
4438 1
4403 0
4368 1
4332 1
4297 0
4261 1
4225 1
4189 0
4152 1
4116 1
4079 0
4043 1
4006 0
3969 1
3931 1
3894 0
3856 1
3819 1
3781 0
3743 1
3705 0
3667 1
3628 1
3590 1
3551 0
3512 0
3473 1
3434 1
3395 1
3355 0
3316 1
3276 0
3236 1
3196 1
3156 0
3116 1
3076 0
3035 1
2995 0
2954 1
2914 1
2873 0
2832 1
2791 1
2749 0
2708 1
2667 1
2625 0
2584 1
2542 0
2500 1
2458 1
2417 0
2375 0
2333 1
2291 1
2248 0
2206 1
2164 1
2122 0
2080 0
2037 1
1995 1
1953 0
1911 1
1868 1
1826 0
1784 1
1742 0
1699 1
1657 0
1615 1
1573 1
1531 0
1489 1
1447 0
1405 1
1363 0
1322 1
1280 1
1239 0
1197 0
1156 1
1115 1
1074 0
1033 1
992 0
951 1
911 0
870 1
830 0
790 1
750 1
711 0
671 1
632 0
593 1
554 1
515 0
476 0
438 1
400 0
362 1
325 0
287 1
250 0
213 1
177 1
140 0
104 0
68 1
33 1
-3 0
-38 0
-72 1
-107 1
-141 0
-175 1
-209 0
-242 1
-275 0
-308 1
-340 0
-372 1
-404 0
-435 1
-467 0
-498 1
-529 0
-560 1
-590 0
-620 1
-650 0
-680 1
-710 0
-739 0
-768 1
-797 0
-825 1
-853 1
-882 0
-909 0
-937 1
-964 1
-991 0
-1018 1
-1044 0
-1070 0
-1096 1
-1122 0
-1147 1
-1172 0
-1197 1
-1221 1
-1246 0
-1269 0
-1293 1
-1316 0
-1339 1
-1362 0
-1384 0
-1406 1
-1428 1
-1449 0
-1470 0
-1491 1
-1512 0
-1532 1
-1551 0
-1571 1
-1590 0
-1609 1
-1627 0
-1645 1
-1663 0
-1680 0
-1697 1
-1714 1
-1730 0
-1746 0
-1761 1
-1777 0
-1791 0
-1806 1
-1820 1
-1834 0
-1847 0
-1860 1
-1873 1
-1885 0
-1897 0
-1908 1
-1920 0
-1930 1
-1941 0
-1951 0
-1960 1
-1970 0
-1978 1
-1987 1
-1995 0
-2003 0
-2010 0
-2017 1
-2024 1
-2030 0
-2036 0
-2041 1
-2047 0
-2051 1
-2056 0
-2060 0
-2064 1
-2067 1
-2070 0
-2073 0
-2075 1
-2077 0
-2078 1
-2080 0
-2080 0
-2081 1
-2081 1
-2081 0
-2081 0
-2080 1
-2079 0
-2077 0
-2076 1
-2074 1
-2071 0
-2069 0
-2066 1
-2063 0
-2059 1
-2055 0
-2051 0
-2047 1
-2042 0
-2037 1
-2032 0
-2027 1
-2021 0
-2015 1
-2008 0
-2002 1
-1995 0
-1987 0
-1980 1
-1972 0
-1964 1
-1956 0
-1947 0
-1939 1
-1930 0
-1921 1
-1911 0
-1902 1
-1892 0
-1882 0
-1872 1
-1862 0
-1852 1
-1841 1
-1830 0
-1820 0
-1809 1
-1797 0
-1786 1
-1774 0
-1762 0
-1750 1
-1738 0
-1726 1
-1713 0
-1701 1
-1688 0
-1675 0
-1662 1
-1649 0
-1636 1
-1622 0
-1609 1
-1595 0
-1581 1
-1567 0
-1553 1
-1539 0
-1525 1
-1510 0
-1496 0
-1481 1
-1467 0
-1452 0
-1437 1
-1422 0
-1407 1
-1392 1
-1377 0
-1362 0
-1346 1
-1331 0
-1315 1
-1300 0
-1284 1
-1268 0
-1252 1
-1237 0
-1221 0
-1205 1
-1188 1
-1172 0
-1156 0
-1140 1
-1123 0
-1107 0
-1090 1
-1074 1
-1057 0
-1040 0
-1024 1
-1007 0
-990 1
-973 1
-956 0
-938 0
-921 1
-904 0
-886 1
-869 0
-851 1
-834 0
-816 1
-798 0
-780 0
-762 1
-744 0
-726 1
-707 0
-689 1
-671 1
-652 0
-633 0
-615 1
-596 0
-577 0
-558 1
-539 1
-519 0
-500 0
-480 1
-461 1
-441 0
-421 1
-401 0
-381 0
-361 1
-341 1
-320 0
-300 0
-279 1
-258 0
-237 1
-216 0
-195 1
-174 0
-152 1
-131 0
-109 1
-87 1
-65 0
-43 0
-21 1
1 0
24 0
46 1
69 1
92 0
115 1
138 0
161 1
184 0
207 0
231 1
254 1
277 0
301 1
324 0
348 0
372 1
395 1
419 0
443 1
466 0
490 1
514 1
538 0
562 0
586 1
611 0
635 0
659 1
683 1
708 0
732 1
757 0
781 1
806 0
831 1
855 0
880 1
905 0
930 1
955 1
980 0
1006 0
1031 1
1056 1
1082 0
1107 0
1133 1
1159 1
1184 0
1210 1
1236 0
1262 1
1289 0
1315 0
1341 1
1368 1
1394 0
1421 1
1448 1
1475 0
1502 1
1529 0
1556 0
1583 1
1610 1
1638 0
1666 1
1693 0
1721 1
1749 0
1777 1
1805 0
1834 1
1862 1
1891 0
1919 0
1948 1
1977 1
2006 0
2035 1
2064 0
2093 1
2123 1
2152 0
2182 1
2212 0
2242 1
2272 0
2302 0
2332 1
2362 1
2392 1
2423 0
2453 0
2484 1
2515 1
2545 0
2576 1
2607 1
2638 0
2669 1
2701 0
2732 1
2763 0
2794 1
2826 0
2857 1
2889 0
2920 1
2952 0
2984 1
3015 1
3047 1
3079 0
3111 1
3142 0
3174 1
3206 1
3238 0
3270 1
3301 0
3333 1
3365 0
3397 1
3428 0
3460 1
3491 0
3522 1
3553 1
3584 0
3615 1
3646 1
3677 0
3707 1
3738 1
3768 0
3798 1
3828 0
3858 1
3888 0
3918 1
3947 1
3977 0
4006 1
4036 1
4065 0
4094 1
4123 0
4152 1
4181 1
4210 0
4238 1
4267 0
4296 1
4325 1
4353 0
4382 1
4410 0
4439 1
4467 1
4496 0
4524 1
4553 1
4581 0
4609 1
4638 1
4666 0
4694 1
4722 1
4750 0
4779 1
4807 0
4835 1
4863 1
4891 0
4919 1
4947 0
4974 1
5002 1
5030 0
5058 1
5086 1
5113 0
5141 1
5168 1
5196 0
5223 1
5251 1
5278 0
5305 1
5332 1
5360 0
5387 1
5414 1
5440 0
5467 1
5494 0
5520 1
5547 1
5573 1
5600 0
5626 1
5652 0
5678 1
5704 1
5729 0
5755 1
5780 1
5805 0
5830 1
5855 1
5880 1
5905 0
5929 1
5954 0
5978 1
6001 1
6025 0
6049 1
6072 1
6095 1
6118 0
6141 1
6163 1
6185 0
6207 1
6229 0
6250 1
6272 1
6293 1
6313 0
6334 1
6354 1
6374 0
6394 1
6413 1
6432 1
6451 0
6469 1
6488 0
6506 1
6523 1
6540 0
6557 1
6574 1
6590 1
6606 0
6622 1
6637 1
6653 0
6667 1
6682 1
6696 1
6709 0
6723 1
6736 1
6748 0
6760 1
6772 1
6784 0
6795 1
6806 1
6816 1
6827 0
6837 1
6846 1
6856 0
6865 1
6873 0
6882 1
6890 1
6897 1
6905 1
6912 0
6919 1
6926 1
6932 0
6938 1
6943 1
6949 1
6954 0
6959 1
6963 1
6967 0
6971 1
6975 1
6978 0
6981 1
6983 1
6986 1
6988 1
6990 0
6991 1
6992 0
6993 1
6994 1
6994 0
6994 1
6994 1
6993 1
6992 0
6991 1
6990 1
6988 1
6986 1
6984 0
6981 1
6978 0
6975 1
6972 1
6968 1
6964 0
6960 1
6956 0
6951 1
6946 1
6941 1
6935 1
6929 0
6923 1
6917 1
6911 1
6904 0
6897 1
6890 1
6882 0
6874 1
6866 1
6858 0
6849 1
6841 1
6832 0
6822 1
6813 1
6803 1
6794 0
6783 1
6773 1
6763 1
6752 0
6741 1
6730 1
6718 0
6707 1
6695 1
6683 0
6671 1
6658 1
6646 1
6633 0
6620 1
6607 1
6593 1
6580 0
6566 1
6552 0
6538 1
6524 1
6510 1
6495 0
6480 1
6465 1
6450 0
6435 1
6420 1
6404 1
6389 0
6373 1
6357 1
6341 1
6325 0
6309 1
6292 0
6276 1
6259 1
6242 0
6225 1
6208 1
6191 1
6174 0
6157 1
6139 1
6122 1
6104 0
6086 1
6069 0
6051 1
6033 1
6015 1
5997 0
5978 1
5960 1
5942 0
5923 1
5905 1
5887 0
5868 1
5849 1
5831 0
5812 1
5793 1
5775 1
5756 0
5737 1
5718 0
5699 1
5680 1
5661 1
5642 0
5623 1
5604 1
5585 1
5566 0
5547 1
5528 0
5509 1
5490 1
5471 0
5452 1
5433 0
5415 1
5396 1
5377 1
5358 0
5339 1
5320 1
5302 1
5283 0
5264 1
5246 0
5227 1
5208 1
5190 1
5172 0
5153 1
5135 0
5117 1
5098 1
5080 0
5062 1
5044 1
5027 0
5009 1
4991 1
4973 0
4956 1
4938 1
4921 0
4904 1
4887 1
4870 0
4853 1
4836 1
4819 0
4802 1
4786 0
4769 1
4753 1
4737 1
4721 0
4705 1
4689 1
4674 0
4658 1
4643 1
4627 0
4612 1
4597 0
4582 1
4568 0
4553 1
4539 1
4524 1
4510 0
4496 1
4482 0
4469 1
4455 1
4442 0
4428 1
4415 1
4402 0
4390 1
4377 1
4365 1
4352 0
4340 1
4329 0
4317 1
4305 0
4294 1
4283 1
4272 0
4261 1
4250 1
4240 0
4229 1
4219 1
4209 0
4199 1
4190 0
4180 1
4171 1
4162 0
4153 1
4145 1
4136 0
4128 1
4120 0
4112 1
4104 1
4097 0
4090 1
4082 1
4076 0
4069 1
4062 1
4056 0
4050 1
4044 0
4038 1
4033 1
4028 0
4023 1
4018 0
4013 1
4009 1
4005 1
4001 0
3998 1
3994 0
3991 1
3988 0
3985 1
3983 1
3980 0
3978 1
3976 1
3975 0
3973 1
3972 1
3971 0
3970 1
3969 0
3969 1
3968 0
3968 1
3968 1
3969 1
3969 0
3970 1
3970 0
3971 1
3972 0
3973 1
3975 1
3976 1
3978 0
3980 1
3982 0
3984 1
3986 1
3988 0
3991 1
3993 0
3996 1
3999 0
4002 1
4005 1
4008 1
4011 0
4015 1
4018 1
4022 0
4025 0
4029 1
4033 1
4037 1
4040 0
4044 1
4049 0
4053 1
4057 0
4061 1
4065 1
4070 0
4074 1
4078 1
4083 1
4087 0
4092 1
4097 0
4101 1
4106 0
4110 1
4115 1
4120 0
4125 1
4129 0
4134 1
4139 1
4144 1
4149 0
4153 1
4158 0
4163 1
4168 0
4173 1
4178 1
4182 0
4187 1
4192 1
4197 1
4202 0
4207 1
4212 0
4217 1
4222 0
4227 1
4232 1
4236 0
4241 1
4246 0
4251 1
4256 1
4261 1
4266 0
4271 1
4276 0
4281 1
4286 0
4291 1
4296 1
4301 1
4306 0
4311 1
4316 1
4322 0
4327 0
4332 1
4337 1
4342 1
4348 0
4353 1
4358 0
4363 1
4369 1
4374 0
4380 1
4385 0
4391 1
4396 1
4402 1
4407 0
4413 1
4419 0
4425 1
4430 1
4436 0
4442 1
4448 1
4453 0
4459 1
4465 0
4471 1
4476 1
4482 0
4487 1
4493 1
4498 0
4504 1
4509 0
4515 1
4520 1
4526 0
4531 1
4536 1
4541 1
4546 0
4551 0
4557 1
4561 1
4566 1
4571 0
4576 1
4581 0
4586 1
4590 1
4595 0
4599 1
4604 1
4608 0
4613 1
4617 0
4621 1
4625 1
4629 0
4633 1
4637 1
4641 1
4644 0
4648 1
4652 0
4655 1
4659 1
4662 0
4665 1
4668 0
4671 1
4674 1
4677 0
4680 1
4683 0
4685 1
4688 1
4690 1
4693 1
4695 0
4697 1
4699 0
4701 1
4703 0
4704 1
4706 1
4707 0
4709 1
4710 1
4711 0
4712 1
4713 0
4714 1
4715 1
4716 1
4716 0
4717 1
4717 1
4717 0
4717 1
4717 1
4717 0
4717 0
4716 1
4716 1
4715 1
4715 0
4714 1
4713 0
4712 1
4710 1
4709 1
4708 0
4706 1
4704 0
4702 1
4700 1
4698 0
4696 1
4694 1
4691 0
4689 1
4686 0
4683 1
4680 1
4677 1
4674 0
4671 1
4667 1
4663 0
4660 1
4656 0
4652 1
4648 0
4643 1
4639 1
4634 1
4630 0
4625 1
4620 0
4616 1
4611 1
4605 1
4600 0
4595 1
4590 0
4584 1
4579 0
4573 1
4567 1
4561 1
4555 0
4549 1
4543 1
4537 0
4530 1
4524 0
4517 1
4510 1
4503 0
4496 1
4489 1
4481 0
4474 1
4466 0
4459 1
4451 1
4443 0
4435 1
4426 1
4418 0
4409 1
4401 1
4392 0
4383 1
4374 1
4364 0
4355 1
4345 0
4335 1
4325 1
4315 0
4305 1
4294 1
4283 0
4272 1
4261 1
4250 0
4239 1
4227 0
4215 1
4203 1
4191 0
4179 1
4166 0
4153 1
4140 1
4127 1
4114 0
4100 1
4087 0
4073 1
4058 1
4044 0
4030 1
4015 0
4000 1
3985 1
3969 0
3954 1
3938 1
3922 0
3906 1
3889 1
3873 0
3856 1
3839 0
3822 1
3805 1
3787 0
3769 1
3751 0
3733 1
3715 1
3696 1
3678 0
3659 1
3640 0
3620 1
3601 0
3581 1
3561 0
3541 1
3521 1
3501 1
3481 0
3460 1
3439 0
3418 1
3397 0
3376 1
3355 1
3333 1
3312 0
3290 1
3268 0
3246 1
3224 1
3202 0
3179 1
3157 0
3134 1
3112 0
3089 1
3066 1
3043 0
3019 1
2996 0
2972 1
2949 1
2925 0
2901 1
2877 1
2853 0
2829 1
2804 0
2780 1
2756 0
2731 1
2707 0
2682 1
2658 1
2633 1
2609 0
2584 1
2559 0
2535 1
2510 0
2486 1
2461 1
2436 0
2412 1
2387 0
2362 1
2338 1
2313 0
2288 0
2264 1
2239 1
2214 0
2190 1
2165 0
2141 1
2116 1
2092 0
2067 1
2043 0
2019 1
1994 1
1970 0
1946 1
1922 0
1898 1
1874 0
1851 1
1827 0
1803 1
1780 1
1756 0
1733 1
1709 0
1686 1
1663 0
1640 1
1617 1
1594 0
1571 1
1549 0
1526 1
1504 0
1481 1
1459 1
1437 0
1414 0
1392 1
1370 1
1349 0
1327 1
1305 0
1283 0
1262 1
1240 1
1219 1
1198 0
1176 1
1155 0
1134 1
1113 0
1092 0
1071 1
1050 1
1029 1
1009 0
988 0
967 1
947 1
926 0
906 1
885 0
865 1
844 0
824 0
803 1
783 1
763 0
742 1
722 0
702 1
682 1
661 0
641 1
621 0
600 0
580 1
560 1
540 0
519 0
499 1
478 1
458 0
438 1
417 0
397 1
376 0
356 1
335 1
315 0
294 0
273 1
252 0
232 1
211 0
190 1
169 1
148 0
127 1
106 0
85 0
64 1
43 0
21 1
0 1
-21 0
-43 0
-64 1
-86 1
-107 0
-129 1
-151 0
-172 0
-194 1
-216 1
-238 0
-260 1
-281 0
-303 0
-325 1
-347 1
-369 0
-391 1
-413 0
-435 1
-457 0
-479 0
-502 1
-524 1
-546 0
-568 0
-590 1
-612 1
-634 0
-656 0
-678 1
-699 1
-721 0
-743 0
-765 1
-787 0
-808 1
-830 0
-852 1
-873 1
-895 0
-916 0
-937 1
-959 0
-980 1
-1001 0
-1022 1
-1043 0
-1063 1
-1084 0
-1105 0
-1125 1
-1146 1
-1166 0
-1186 0
-1206 1
-1226 1
-1246 0
-1265 0
-1285 1
-1304 0
-1323 1
-1343 0
-1362 1
-1380 0
-1399 1
-1418 0
-1436 1
-1454 0
-1472 0
-1490 1
-1508 0
-1525 1
-1543 0
-1560 1
-1577 0
-1594 1
-1611 1
-1628 0
-1644 0
-1660 0
-1677 1
-1693 0
-1708 1
-1724 1
-1740 0
-1755 0
-1770 1
-1785 0
-1800 0
-1815 1
-1829 1
-1844 0
-1858 0
-1872 1
-1886 0
-1900 1
-1914 0
-1928 1
-1941 0
-1955 1
-1968 0
-1981 0
-1994 1
-2007 0
-2020 1
-2033 0
-2045 1
-2058 0
-2070 1
-2083 0
-2095 1
-2107 0
-2119 0
-2132 1
-2144 0
-2156 1
-2168 0
-2180 0
-2192 1
-2204 0
-2216 1
-2228 0
-2240 1
-2253 0
-2265 0
-2277 1
-2289 0
-2302 1
-2314 0
-2327 1
-2339 1
-2352 0
-2364 0
-2377 1
-2390 0
-2403 0
-2415 1
-2428 0
-2441 0
-2454 1
-2467 0
-2480 1
-2493 1
-2506 0
-2519 0
-2532 1
-2544 0
-2557 0
-2570 1
-2583 0
-2595 1
-2608 0
-2620 1
-2633 0
-2646 1
-2658 0
-2670 0
-2683 1
-2695 0
-2707 1
-2720 0
-2732 0
-2744 1
-2756 0
-2768 0
-2780 1
-2792 0
-2804 1
-2816 1
-2828 0
-2840 0
-2852 1
-2863 0
-2875 0
-2887 1
-2898 1
-2910 0
-2922 0
-2933 1
-2945 0
-2956 0
-2968 1
-2979 0
-2990 0
-3002 1
-3013 0
-3025 1
-3036 0
-3047 1
-3059 0
-3070 0
-3081 1
-3093 1
-3104 0
-3115 0
-3127 1
-3138 0
-3149 0
-3161 1
-3172 0
-3183 0
-3195 1
-3206 0
-3218 1
-3230 0
-3241 1
-3253 0
-3264 1
-3276 0
-3288 0
-3300 1
-3312 0
-3324 0
-3336 1
-3348 0
-3360 1
-3372 0
-3384 0
-3397 1
-3409 0
-3422 1
-3435 0
-3447 0
-3460 1
-3473 0
-3486 1
-3499 0
-3513 0
-3526 1
-3539 0
-3553 1
-3567 0
-3581 1
-3595 0
-3609 0
-3623 1
-3637 0
-3652 0
-3666 1
-3681 0
-3696 1
-3711 0
-3726 0
-3741 1
-3757 0
-3772 0
-3788 1
-3804 0
-3820 1
-3836 0
-3852 1
-3868 0
-3885 0
-3901 0
-3918 1
-3935 1
-3952 0
-3970 0
-3987 1
-4005 0
-4022 0
-4040 1
-4058 0
-4076 0
-4094 1
-4112 0
-4131 1
-4149 0
-4168 0
-4187 1
-4206 0
-4225 1
-4244 0
-4263 0
-4283 1
-4302 0
-4321 1
-4341 0
-4361 0
-4381 0
-4400 1
-4420 0
-4440 1
-4460 0
-4481 0
-4501 1
-4521 0
-4541 0
-4562 1
-4582 0
-4603 1
-4623 0
-4643 1
-4664 0
-4685 0
-4705 0
-4726 1
-4746 0
-4767 1
-4787 0
-4808 0
-4829 0
-4849 1
-4870 0
-4890 1
-4911 0
-4931 1
-4951 0
-4972 0
-4992 0
-5012 1
-5033 0
-5053 1
-5073 0
-5093 0
-5113 1
-5132 0
-5152 0
-5172 1
-5191 0
-5211 0
-5230 1
-5250 0
-5269 0
-5288 1
-5307 0
-5325 0
-5344 1
-5363 0
-5381 0
-5399 1
-5418 0
-5436 1
-5453 0
-5471 0
-5489 1
-5506 0
-5523 0
-5541 1
-5558 0
-5574 0
-5591 1
-5607 0
-5624 0
-5640 0
-5656 1
-5672 0
-5687 1
-5703 0
-5718 0
-5733 0
-5748 1
-5763 0
-5777 0
-5791 1
-5806 0
-5820 1
-5833 0
-5847 0
-5860 1
-5874 0
-5887 0
-5899 0
-5912 1
-5925 0
-5937 1
-5949 0
-5961 0
-5973 1
-5984 0
-5995 0
-6007 0
-6018 0
-6028 1
-6039 0
-6050 1
-6060 0
-6071 1
-6081 0
-6091 0
-6101 0
-6111 0
-6120 1
-6130 0
-6139 1
-6148 0
-6157 0
-6166 0
-6175 1
-6183 0
-6191 1
-6199 0
-6207 0
-6215 0
-6223 1
-6230 0
-6237 0
-6244 0
-6250 1
-6257 0
-6263 1
-6268 0
-6274 0
-6279 1
-6284 0
-6288 0
-6292 1
-6296 0
-6300 0
-6303 0
-6306 1
-6309 0
-6311 0
-6313 0
-6314 1
-6316 0
-6317 1
-6317 0
-6317 0
-6317 0
-6317 1
-6316 0
-6315 0
-6313 1
-6311 0
-6309 0
-6306 1
-6303 0
-6299 0
-6295 0
-6291 1
-6287 0
-6282 1
-6276 0
-6270 0
-6264 1
-6258 0
-6251 0
-6243 0
-6235 0
-6227 1
-6219 0
-6210 1
-6200 0
-6191 0
-6181 0
-6170 1
-6159 0
-6148 0
-6136 0
-6124 1
-6112 0
-6099 1
-6086 0
-6072 0
-6058 1
-6044 0
-6029 1
-6014 0
-5998 0
-5982 0
-5966 0
-5949 0
-5932 1
-5915 0
-5897 1
-5879 0
-5861 0
-5842 0
-5822 1
-5803 0
-5783 1
-5763 0
-5742 0
-5721 1
-5700 0
-5678 0
-5656 1
-5634 0
-5611 0
-5588 0
-5565 1
-5541 0
-5517 0
-5493 1
-5468 0
-5443 0
-5418 0
-5393 1
-5367 0
-5341 1
-5314 0
-5287 0
-5260 1
-5233 0
-5205 1
-5177 0
-5149 0
-5120 0
-5092 1
-5063 0
-5033 0
-5003 0
-4974 1
-4943 0
-4913 1
-4882 0
-4851 0
-4820 1
-4788 0
-4756 0
-4724 1
-4692 0
-4659 1
-4626 0
-4593 0
-4559 0
-4526 1
-4492 0
-4458 0
-4423 1
-4388 0
-4353 0
-4318 1
-4283 0
-4247 1
-4211 0
-4174 0
-4138 1
-4101 0
-4064 1
-4026 0
-3989 0
-3951 0
-3913 1
-3874 0
-3836 1
-3797 0
-3758 0
-3718 1
-3678 0
-3638 0
-3598 1
-3557 0
-3517 0
-3476 1
-3434 0
-3393 1
-3351 0
-3309 1
-3266 0
-3223 0
-3181 1
-3137 0
-3094 0
-3050 1
-3006 0
-2962 1
-2917 0
-2872 0
-2827 1
-2782 0
-2736 0
-2690 1
-2644 0
-2597 1
-2551 0
-2504 1
-2456 0
-2409 1
-2361 0
-2313 0
-2265 0
-2216 1
-2167 0
-2118 1
-2069 0
-2019 1
-1969 0
-1919 0
-1869 1
-1818 1
-1767 0
-1716 0
-1665 1
-1613 0
-1561 0
-1509 1
-1457 0
-1405 1
-1352 0
-1299 1
-1246 0
-1192 1
-1139 0
-1085 0
-1031 1
-977 1
-922 0
-868 0
-813 1
-758 0
-703 0
-648 1
-592 1
-537 0
-481 0
-425 1
-369 0
-313 1
-256 0
-200 1
-144 0
-87 1
-30 0
27 1
84 1
141 0
198 0
255 1
312 0
370 0
427 1
485 0
542 1
600 1
657 0
715 0
772 1
830 1
887 0
945 1
1002 0
1060 0
1117 1
1175 1
1232 0
1289 1
1347 0
1404 1
1461 0
1518 1
1575 0
1632 1
1689 0
1745 1
1802 0
1858 1
1914 0
1970 1
2026 1
2082 0
2138 1
2193 0
2249 1
2304 0
2360 1
2415 0
2470 1
2525 0
2580 1
2634 0
2689 1
2743 0
2797 1
2851 1
2905 1
2959 0
3012 1
3066 0
3119 1
3172 0
3225 1
3278 0
3330 1
3383 1
3435 0
3486 1
3538 0
3590 1
3641 0
3692 1
3743 1
3793 0
3844 1
3894 0
3944 1
3993 0
4043 1
4092 1
4141 1
4190 0
4238 1
4286 0
4334 1
4382 0
4429 1
4476 1
4523 0
4569 1
4615 1
4661 0
4707 1
4752 1
4797 0
4842 1
4886 0
4930 1
4974 1
5018 0
5061 1
5103 0
5146 1
5188 1
5230 0
5271 1
5313 1
5353 0
5394 1
5434 1
5474 0
5513 1
5552 1
5591 0
5629 1
5667 1
5705 0
5742 1
5779 0
5816 1
5852 1
5888 1
5923 0
5958 1
5993 1
6027 0
6061 1
6094 0
6127 1
6160 1
6192 1
6224 0
6256 1
6287 1
6317 0
6348 1
6378 0
6407 1
6436 1
6465 1
6493 1
6521 0
6548 1
6576 0
6602 1
6628 1
6654 1
6679 0
6704 1
6729 1
6753 0
6777 1
6800 0
6823 1
6845 1
6867 1
6889 0
6910 1
6931 1
6951 1
6971 1
6991 0
7010 1
7029 0
7048 1
7066 1
7083 0
7101 1
7118 1
7134 1
7151 0
7166 1
7182 1
7197 1
7211 0
7226 1
7239 0
7253 1
7266 1
7278 1
7290 1
7302 0
7313 1
7324 1
7335 0
7345 1
7354 1
7364 1
7372 0
7381 1
7389 1
7396 0
7403 1
7410 1
7416 0
7421 1
7427 1
7431 1
7436 1
7439 0
7443 1
7446 1
7448 0
7450 1
7452 1
7453 0
7454 1
7454 1
7453 1
7453 0
7451 1
7450 1
7447 1
7445 1
7441 0
7438 1
7434 0
7429 1
7424 1
7419 1
7413 1
7406 0
7399 1
7392 1
7384 0
7375 1
7367 1
7357 0
7348 1
7337 1
7327 1
7315 0
7304 1
7292 1
7279 0
7266 1
7253 1
7239 1
7225 1
7210 1
7195 0
7180 1
7164 0
7147 1
7131 1
7113 1
7096 0
7078 1
7060 1
7041 1
7022 0
7002 1
6982 0
6962 1
6942 1
6921 1
6900 0
6878 1
6856 1
6834 1
6812 0
6789 1
6766 1
6742 1
6719 0
6695 1
6671 1
6647 0
6622 1
6597 1
6572 0
6547 1
6521 1
6496 1
6470 1
6444 0
6418 1
6392 1
6366 0
6340 1
6313 0
6287 1
6260 1
6234 1
6207 0
6181 1
6154 0
6127 1
6100 1
6074 1
6047 1
6020 0
5993 1
5967 1
5940 1
5913 0
5886 1
5859 0
5833 1
5806 1
5779 1
5752 0
5725 1
5698 0
5670 1
5643 1
5616 0
5589 1
5561 1
5534 1
5507 0
5479 1
5452 1
5425 0
5397 1
5370 1
5342 0
5315 1
5288 1
5260 0
5233 1
5205 1
5178 0
5151 1
5123 1
5096 1
5069 0
5042 1
5014 0
4987 1
4960 1
4933 0
4906 1
4879 1
4853 0
4826 1
4799 0
4773 1
4746 1
4720 1
4693 0
4667 1
4641 1
4615 0
4590 1
4564 1
4538 0
4513 1
4488 0
4463 1
4438 1
4413 1
4388 0
4364 1
4340 0
4316 1
4292 0
4268 1
4245 1
4222 1
4199 0
4176 1
4153 0
4131 1
4109 1
4087 0
4066 1
4044 1
4023 0
4003 1
3982 1
3962 0
3942 1
3923 0
3903 1
3884 1
3866 0
3847 1
3829 0
3812 1
3794 1
3777 1
3761 0
3744 1
3728 0
3713 1
3698 1
3683 0
3668 1
3654 0
3640 1
3627 0
3614 1
3602 1
3589 0
3578 1
3566 1
3555 0
3545 1
3535 0
3525 1
3515 1
3507 1
3498 0
3490 1
3482 0
3475 1
3468 1
3462 0
3456 0
3450 1
3445 1
3441 1
3437 0
3433 0
3429 1
3427 1
3424 1
3422 0
3420 1
3419 0
3418 1
3418 0
3418 1
3419 0
3420 1
3421 1
3423 1
3425 0
3427 1
3430 1
3434 0
3438 1
3442 0
3446 1
3451 0
3457 1
3462 1
3468 0
3475 1
3482 0
3489 1
3496 1
3504 0
3513 1
3521 0
3530 1
3539 0
3549 1
3559 1
3569 0
3580 1
3591 1
3602 0
3613 1
3625 1
3637 0
3650 1
3662 0
3675 1
3688 1
3702 0
3716 1
3730 0
3744 1
3758 1
3773 0
3788 1
3803 0
3818 1
3834 0
3849 1
3865 1
3881 0
3898 1
3914 1
3931 0
3948 1
3965 1
3982 0
3999 1
4017 0
4034 1
4052 1
4070 0
4088 1
4106 0
4124 1
4142 1
4161 0
4179 1
4198 1
4217 0
4235 1
4254 0
4273 1
4292 1
4311 0
4330 1
4349 0
4369 1
4388 1
4407 0
4426 1
4446 1
4465 0
4485 1
4504 1
4524 0
4543 1
4563 1
4582 0
4602 1
4621 0
4641 1
4660 0
4680 1
4699 1
4719 0
4738 1
4758 1
4777 0
4796 1
4816 1
4835 1
4854 0
4874 1
4893 0
4912 1
4931 0
4951 1
4970 1
4989 1
5008 0
5027 1
5047 0
5066 1
5085 1
5104 0
5123 1
5142 1
5161 0
5180 1
5199 0
5218 1
5237 1
5256 0
5274 1
5293 1
5312 1
5330 0
5348 1
5367 1
5385 0
5403 1
5420 1
5438 0
5455 1
5472 0
5489 1
5506 1
5523 0
5539 1
5555 1
5571 0
5586 1
5601 1
5616 0
5631 1
5645 1
5659 0
5673 1
5687 1
5700 0
5713 1
5725 1
5737 0
5749 1
5761 1
5772 0
5783 1
5793 1
5804 0
5813 1
5823 1
5832 1
5840 0
5849 1
5857 1
5864 0
5871 1
5878 0
5884 1
5890 1
5896 1
5901 0
5905 1
5910 0
5913 1
5917 1
5920 0
5922 1
5925 1
5926 1
5928 0
5928 1
5929 1
5929 0
5928 1
5927 1
5926 0
5924 1
5922 1
5920 0
5917 1
5913 1
5909 1
5905 0
5900 1
5895 1
5889 0
5883 1
5876 0
5869 1
5862 1
5854 0
5845 1
5837 1
5827 1
5818 0
5808 1
5797 1
5786 0
5775 1
5763 1
5751 1
5738 0
5725 1
5712 0
5698 1
5683 1
5669 0
5654 1
5638 1
5622 0
5606 1
5589 1
5571 0
5554 1
5536 1
5517 1
5498 0
5479 1
5459 1
5439 0
5419 1
5398 1
5377 0
5355 1
5333 1
5310 0
5287 1
5264 0
5241 1
5217 1
5192 1
5167 0
5142 1
5117 0
5091 1
5064 1
5037 1
5010 0
4982 1
4954 1
4925 0
4896 1
4866 1
4836 0
4806 1
4775 1
4743 0
4712 1
4679 0
4647 1
4614 1
4580 0
4546 1
4512 1
4477 0
4442 1
4406 0
4370 1
4334 1
4297 1
4260 1
4223 0
4185 1
4146 0
4108 1
4069 1
4029 0
3990 1
3950 0
3909 1
3868 0
3827 1
3786 1
3744 1
3702 0
3660 1
3617 0
3574 1
3531 1
3487 1
3443 0
3399 0
3355 1
3310 1
3265 0
3220 1
3174 1
3128 0
3082 1
3036 1
2990 0
2943 1
2896 0
2849 1
2801 0
2754 1
2706 0
2658 1
2610 1
2561 1
2513 0
2464 1
2415 1
2366 0
2317 0
2267 1
2218 1
2168 0
2118 1
2068 1
2018 0
1967 0
1917 1
1866 1
1816 0
1765 1
1714 0
1663 1
1612 1
1560 0
1509 1
1457 0
1406 1
1354 0
1302 1
1250 0
1198 1
1146 1
1094 0
1042 1
990 1
937 0
885 0
832 1
780 1
727 0
674 0
622 1
569 1
516 0
463 1
410 0
357 1
304 0
250 1
197 0
144 1
90 0
37 1
-16 1
-70 0
-124 1
-177 0
-231 0
-285 1
-340 1
-394 0
-448 1
-503 0
-557 0
-612 1
-667 1
-721 0
-776 0
-831 1
-886 1
-941 0
-996 1
-1052 0
-1107 1
-1162 0
-1217 0
-1273 1
-1328 0
-1383 1
-1439 1
-1494 0
-1549 0
-1604 1
-1659 1
-1714 0
-1769 0
-1824 1
-1878 0
-1933 0
-1987 1
-2041 1
-2095 0
-2149 1
-2203 0
-2256 0
-2310 1
-2363 0
-2416 1
-2469 0
-2522 1
-2574 0
-2627 0
-2679 1
-2731 1
-2782 0
-2834 0
-2885 1
-2936 0
-2987 1
-3037 0
-3088 0
-3138 1
-3188 0
-3237 1
-3287 0
-3336 1
-3385 0
-3433 1
-3482 0
-3530 0
-3577 0
-3625 1
-3672 0
-3719 1
-3766 0
-3812 1
-3859 0
-3905 0
-3950 1
-3996 0
-4041 1
-4086 0
-4130 1
-4174 0
-4218 0
-4262 1
-4306 0
-4349 0
-4392 1
-4435 0
-4477 1
-4519 0
-4561 0
-4603 1
-4644 0
-4685 0
-4726 1
-4766 0
-4807 0
-4847 1
-4886 0
-4926 0
-4965 1
-5004 1
-5043 0
-5082 0
-5120 0
-5158 1
-5196 0
-5233 1
-5271 0
-5308 1
-5345 0
-5381 0
-5418 0
-5454 0
-5490 1
-5525 0
-5561 1
-5596 0
-5631 0
-5666 1
-5701 0
-5735 0
-5769 1
-5803 0
-5837 0
-5871 1
-5904 0
-5937 1
-5970 0
-6003 0
-6035 0
-6068 1
-6100 0
-6131 0
-6163 0
-6195 1
-6226 0
-6257 1
-6288 0
-6319 0
-6349 1
-6379 0
-6409 1
-6439 0
-6468 0
-6498 0
-6527 1
-6555 0
-6584 0
-6612 0
-6640 0
-6668 1
-6695 0
-6722 1
-6749 0
-6775 0
-6802 1
-6828 0
-6853 0
-6879 0
-6904 1
-6929 0
-6953 1
-6978 0
-7002 0
-7026 0
-7049 1
-7072 0
-7095 0
-7118 0
-7140 1
-7162 0
-7184 0
-7206 1
-7227 0
-7248 0
-7268 1
-7289 0
-7309 0
-7329 0
-7348 1
-7367 0
-7386 0
-7405 0
-7423 0
-7441 1
-7459 0
-7476 1
-7493 0
-7510 0
-7526 1
-7543 0
-7559 0
-7574 0
-7590 1
-7605 0
-7619 0
-7634 0
-7648 1
-7662 0
-7675 0
-7688 0
-7701 1
-7714 0
-7726 0
-7738 1
-7750 0
-7761 0
-7772 0
-7783 0
-7794 1
-7804 0
-7814 1
-7823 0
-7833 0
-7842 0
-7850 0
-7858 1
-7867 0
-7874 0
-7882 1
-7889 0
-7896 0
-7902 0
-7908 0
-7914 1
-7920 0
-7925 1
-7930 0
-7935 0
-7939 0
-7943 0
-7947 0
-7950 1
-7953 0
-7956 1
-7959 0
-7961 0
-7963 0
-7964 0
-7965 1
-7966 0
-7967 0
-7967 1
-7967 0
-7967 0
-7967 0
-7966 0
-7964 1
-7963 0
-7961 0
-7959 1
-7957 0
-7954 0
-7951 0
-7947 1
-7944 0
-7940 0
-7936 0
-7931 1
-7926 0
-7921 0
-7916 0
-7911 1
-7905 0
-7899 0
-7893 0
-7886 1
-7879 0
-7872 0
-7865 1
-7857 0
-7849 0
-7841 0
-7832 0
-7824 0
-7815 1
-7805 0
-7795 0
-7786 1
-7775 0
-7765 1
-7754 0
-7743 0
-7731 0
-7719 0
-7707 1
-7695 0
-7682 0
-7669 0
-7655 1
-7642 0
-7628 0
-7613 0
-7598 1
-7583 0
-7568 0
-7552 0
-7536 1
-7520 0
-7503 0
-7486 0
-7468 1
-7451 0
-7433 1
-7414 0
-7395 0
-7376 0
-7357 0
-7337 1
-7316 0
-7296 0
-7275 0
-7254 1
-7232 0
-7210 0
-7188 0
-7165 1
-7142 0
-7119 1
-7095 0
-7071 0
-7047 0
-7022 0
-6997 1
-6972 0
-6946 0
-6920 1
-6894 0
-6868 0
-6841 1
-6813 0
-6786 0
-6758 0
-6730 0
-6701 1
-6672 0
-6643 0
-6614 1
-6584 0
-6554 0
-6524 1
-6493 0
-6462 0
-6431 0
-6400 1
-6368 0
-6336 0
-6304 1
-6271 0
-6238 0
-6205 0
-6172 1
-6138 0
-6105 1
-6071 0
-6036 0
-6002 0
-5967 1
-5932 0
-5897 0
-5862 0
-5826 1
-5790 0
-5754 1
-5718 0
-5682 0
-5645 0
-5609 1
-5572 0
-5534 0
-5497 1
-5460 0
-5422 0
-5384 0
-5346 1
-5308 0
-5270 1
-5231 0
-5193 0
-5154 1
-5115 0
-5076 0
-5037 1
-4998 0
-4958 0
-4919 0
-4879 1
-4839 0
-4799 1
-4759 0
-4719 0
-4679 1
-4639 0
-4598 0
-4558 1
-4517 0
-4476 0
-4436 1
-4395 0
-4354 0
-4312 0
-4271 1
-4229 0
-4188 1
-4146 0
-4104 1
-4062 0
-4020 0
-3978 1
-3936 0
-3893 0
-3851 1
-3808 0
-3765 0
-3722 1
-3680 0
-3636 0
-3593 1
-3550 0
-3507 1
-3463 0
-3420 0
-3376 1
-3332 0
-3289 1
-3245 0
-3201 0
-3157 1
-3113 0
-3069 0
-3024 1
-2980 0
-2935 1
-2891 0
-2846 0
-2802 1
-2757 0
-2712 1
-2668 0
-2623 0
-2578 1
-2533 0
-2488 1
-2443 0
-2398 0
-2353 1
-2307 0
-2262 1
-2217 0
-2171 0
-2126 1
-2081 0
-2035 1
-1990 0
-1944 1
-1899 0
-1853 1
-1808 0
-1762 0
-1717 1
-1671 0
-1625 0
-1580 1
-1534 0
-1488 1
-1443 0
-1397 1
-1351 0
-1306 1
-1260 0
-1214 1
-1169 0
-1123 1
-1077 0
-1032 0
-986 1
-941 0
-895 0
-850 1
-804 0
-759 1
-713 1
-668 0
-622 0
-577 1
-532 0
-486 1
-441 1
-396 0
-351 0
-306 1
-261 0
-216 1
-171 0
-126 0
-81 1
-36 1
8 0
53 0
97 1
142 0
186 1
230 1
275 0
319 0
363 1
407 1
451 0
495 0
538 1
582 1
625 0
669 0
712 1
755 0
798 1
841 1
883 0
926 0
968 1
1010 1
1052 0
1094 0
1136 1
1177 1
1219 0
1260 0
1301 1
1342 1
1382 0
1423 1
1463 0
1503 1
1543 0
1583 1
1623 0
1663 1
1702 0
1741 1
1781 1
1820 0
1858 1
1897 0
1936 0
1974 1
2012 1
2050 0
2088 1
2126 1
2164 0
2201 1
2239 0
2276 0
2313 1
2350 1
2387 0
2423 1
2460 0
2496 1
2532 1
2568 0
2604 1
2640 0
2675 0
2711 1
2746 1
2781 0
2816 1
2850 1
2885 0
2919 1
2954 1
2988 0
3021 0
3055 1
3089 1
3122 0
3155 1
3188 0
3221 1
3253 1
3286 0
3318 1
3350 0
3382 1
3413 1
3444 0
3476 1
3506 0
3537 1
3568 0
3598 1
3628 0
3657 1
3687 1
3716 0
3745 1
3774 1
3802 1
3831 0
3859 1
3886 0
3914 1
3941 0
3968 1
3994 0
4020 1
4046 1
4072 0
4097 1
4122 1
4147 0
4172 1
4196 0
4219 1
4243 1
4266 0
4289 1
4311 1
4333 0
4355 1
4377 0
4398 1
4418 1
4439 0
4459 1
4478 0
4497 1
4516 1
4535 1
4553 0
4570 1
4588 0
4605 1
4621 0
4637 1
4653 1
4668 1
4683 0
4698 1
4712 0
4725 1
4739 1
4752 0
4764 1
4776 1
4788 0
4799 1
4810 1
4820 0
4830 1
4839 0
4848 1
4857 1
4865 0
4873 1
4880 0
4887 1
4894 1
4900 1
4906 0
4911 1
4916 1
4920 0
4924 1
4928 0
4931 1
4934 1
4936 1
4938 0
4940 1
4941 0
4941 1
4942 1
4942 0
4941 1
4941 0
4939 1
4938 1
4936 1
4933 0
4931 1
4928 1
4924 0
4920 1
4916 1
4912 0
4907 1
4901 0
4896 1
4890 0
4884 1
4877 1
4870 1
4863 0
4855 1
4847 1
4839 0
4831 1
4822 1
4813 0
4803 1
4794 1
4784 0
4773 1
4763 0
4752 1
4741 1
4729 0
4718 1
4706 1
4693 0
4681 1
4668 1
4655 0
4642 1
4629 0
4615 1
4601 1
4587 1
4573 0
4558 1
4543 1
4528 0
4513 1
4497 1
4482 0
4466 1
4450 0
4434 1
4417 0
4400 1
4384 1
4366 0
4349 1
4332 1
4314 0
4296 1
4278 1
4260 0
4242 1
4224 0
4205 1
4186 1
4167 1
4148 1
4129 0
4109 0
4089 1
4069 1
4049 1
4029 0
4009 0
3989 1
3968 1
3947 0
3926 1
3905 1
3884 1
3862 0
3841 0
3819 1
3797 1
3775 0
3753 1
3730 1
3708 0
3685 1
3662 1
3639 0
3616 1
3593 0
3569 1
3546 1
3522 0
3499 1
3475 1
3451 0
3428 1
3403 0
3379 1
3355 1
3331 0
3306 1
3281 0
3257 1
3232 0
3207 1
3181 1
3156 1
3130 0
3104 1
3078 0
3052 1
3026 0
3000 1
2973 1
2947 0
2920 1
2893 1
2866 0
2839 1
2812 0
2784 1
2757 0
2729 1
2701 1
2673 0
2645 1
2617 0
2589 1
2560 1
2532 0
2503 1
2474 0
2445 1
2416 0
2387 1
2357 1
2328 0
2298 1
2269 1
2239 0
2209 1
2179 0
2148 1
2118 0
2088 1
2057 0
2026 1
1996 1
1965 0
1934 1
1903 0
1872 1
1840 0
1809 1
1778 1
1746 0
1715 1
1683 0
1651 1
1619 1
1588 0
1556 1
1524 0
1492 1
1460 0
1428 1
1396 0
1364 1
1332 0
1300 1
1268 0
1236 1
1204 0
1172 1
1140 1
1108 1
1076 0
1044 1
1012 0
980 0
948 1
917 1
885 0
853 1
822 0
790 1
759 0
728 1
697 0
666 1
635 0
604 1
573 0
543 1
512 0
482 1
452 0
422 1
392 1
362 0
333 1
304 1
274 0
245 0
217 1
188 1
160 0
131 0
103 1
76 0
48 0
21 1
-6 1
-33 0
-60 1
-86 0
-113 1
-139 0
-164 1
-190 1
-215 0
-240 0
-265 1
-289 1
-314 0
-338 0
-361 1
-385 1
-408 0
-431 0
-454 1
-476 0
-499 1
-521 0
-543 1
-564 0
-585 1
-606 1
-627 0
-648 0
-668 1
-688 0
-708 1
-728 0
-747 1
-766 0
-785 1
-804 0
-822 1
-840 0
-858 1
-876 0
-893 0
-911 1
-928 1
-945 0
-961 1
-978 0
-994 0
-1010 1
-1026 1
-1041 0
-1056 0
-1072 1
-1087 0
-1101 1
-1116 0
-1130 1
-1144 0
-1158 1
-1172 0
-1186 1
-1199 0
-1212 1
-1225 0
-1238 0
-1251 1
-1263 0
-1276 1
-1288 1
-1300 0
-1312 0
-1323 1
-1335 0
-1346 1
-1358 0
-1369 0
-1380 1
-1390 1
-1401 0
-1411 0
-1422 1
-1432 1
-1442 0
-1452 0
-1462 1
-1471 0
-1481 1
-1490 0
-1500 1
-1509 0
-1518 1
-1526 0
-1535 0
-1544 1
-1552 0
-1560 1
-1569 0
-1577 1
-1585 0
-1592 0
-1600 1
-1608 1
-1615 0
-1622 0
-1629 1
-1636 0
-1643 1
-1650 1
-1657 0
-1663 0
-1669 1
-1675 0
-1682 0
-1687 1
-1693 1
-1699 0
-1704 0
-1709 1
-1715 0
-1720 1
-1724 0
-1729 0
-1734 1
-1738 0
-1742 1
-1746 0
-1750 1
-1753 0
-1757 1
-1760 0
-1763 1
-1766 0
-1769 1
-1771 0
-1773 1
-1775 0
-1777 0
-1778 1
-1779 0
-1780 1
-1781 0
-1781 0
-1781 1
-1781 0
-1781 1
-1780 0
-1779 1
-1778 0
-1777 0
-1775 1
-1773 1
-1771 0
-1769 0
-1766 1
-1763 0
-1760 1
-1757 1
-1753 0
-1750 0
-1746 1
-1742 0
-1738 0
-1734 1
-1729 0
-1724 1
-1720 0
-1715 1
-1709 0
-1704 0
-1699 1
-1693 1
-1687 0
-1682 0
-1675 1
-1669 0
-1663 1
-1657 0
-1650 0
-1643 1
-1636 1
-1629 0
-1622 0
-1615 1
-1608 0
-1600 1
-1592 0
-1585 1
-1577 0
-1569 0
-1560 1
-1552 1
-1544 0
-1535 0
-1526 1
-1518 0
-1509 0
-1500 1
-1490 1
-1481 0
-1471 1
-1462 0
-1452 0
-1442 1
-1432 0
-1422 1
-1411 0
-1401 0
-1390 1
-1380 1
-1369 0
-1358 1
-1346 0
-1335 0
-1323 1
-1312 0
-1300 1
-1288 0
-1276 0
-1263 1
-1251 1
-1238 0
-1225 0
-1212 1
-1199 0
-1186 1
-1172 1
-1158 0
-1144 0
-1130 1
-1116 0
-1101 1
-1087 0
-1072 0
-1056 1
-1041 0
-1026 1
-1010 0
-994 1
-978 1
-961 0
-945 0
-928 1
-911 0
-893 0
-876 1
-858 0
-840 1
-822 1
-804 0
-785 0
-766 1
-747 1
-728 0
-708 0
-688 1
-668 0
-648 1
-627 0
-606 1
-585 0
-564 0
-543 1
-521 1
-499 0
-476 1
-454 0
-431 0
-408 1
-385 0
-361 1
-338 0
-314 1
-290 1
-265 0
-241 0
-216 1
-191 0
-167 1
-141 0
-116 1
-91 0
-65 1
-39 0
-13 1
13 0
39 1
65 0
92 1
119 0
146 1
173 0
200 0
227 1
255 1
282 0
310 0
338 1
367 1
395 0
423 1
452 0
481 1
510 0
539 0
569 1
598 1
628 0
658 1
688 0
718 1
748 0
779 1
809 1
840 0
871 0
902 1
934 0
965 0
997 1
1029 1
1061 0
1093 1
1125 1
1158 0
1191 0
1223 1
1256 0
1290 1
1323 1
1356 0
1390 1
1424 0
1458 1
1492 0
1526 1
1561 0
1595 1
1630 0
1665 1
1700 0
1735 1
1770 0
1805 1
1841 1
1877 0
1912 1
1948 0
1984 1
2020 0
2057 1
2093 0
2129 1
2166 1
2203 0
2239 1
2276 0
2313 0
2350 1
2387 1
2424 1
2462 0
2499 0
2536 1
2574 1
2611 0
2649 1
2686 0
2724 1
2761 1
2799 0
2836 0
2874 1
2912 1
2949 0
2987 1
3024 1
3062 0
3099 1
3137 0
3174 1
3211 0
3248 1
3286 0
3323 1
3360 0
3397 1
3433 1
3470 1
3506 0
3543 1
3579 1
3615 0
3650 0
3686 1
3721 1
3756 0
3791 1
3826 1
3860 0
3894 1
3928 0
3962 1
3996 0
4029 1
4062 0
4094 1
4127 1
4159 0
4191 1
4222 1
4254 1
4285 0
4315 1
4346 0
4376 1
4407 1
4436 0
4466 1
4495 0
4525 1
4554 0
4582 1
4611 1
4639 0
4667 1
4694 1
4722 1
4749 0
4776 1
4802 0
4829 1
4855 0
4881 1
4906 1
4931 1
4956 0
4981 1
5005 0
5029 1
5053 1
5077 0
5100 1
5123 1
5145 0
5167 1
5189 0
5211 1
5232 1
5253 0
5274 1
5294 1
5314 1
5333 0
5352 1
5371 0
5390 1
5408 1
5425 0
5443 1
5460 1
5476 1
5492 0
5508 1
5523 0
5538 1
5553 1
5567 0
5581 1
5594 1
5607 0
5619 1
5631 1
5642 0
5653 1
5664 0
5674 1
5684 1
5693 1
5701 0
5710 1
5717 1
5724 0
5731 1
5737 1
5743 0
5748 1
5753 1
5757 1
5760 0
5763 1
5766 0
5768 1
5769 1
5770 0
5770 1
5770 1
5769 0
5767 1
5765 1
5763 1
5760 0
5756 1
5751 0
5746 1
5741 1
5735 1
5728 0
5721 1
5713 0
5704 1
5695 1
5685 1
5675 0
5664 1
5652 1
5640 0
5627 1
5613 0
5599 1
5584 1
5569 1
5553 0
5536 1
5519 1
5501 0
5483 1
5464 1
5444 1
5423 0
5402 1
5381 0
5358 1
5335 1
5312 0
5287 1
5263 1
5237 0
5211 1
5184 1
5157 0
5129 1
5100 1
5071 0
5042 1
5011 1
4980 1
4949 0
4917 1
4884 0
4851 1
4817 0
4783 1
4748 1
4713 1
4677 0
4640 1
4603 1
4566 0
4528 1
4489 1
4450 0
4411 1
4371 1
4330 0
4289 1
4248 1
4206 0
4164 1
4121 0
4078 1
4035 0
3991 1
3946 1
3902 1
3856 0
3811 1
3765 0
3719 1
3672 1
3625 0
3578 1
3530 1
3482 0
3434 1
3385 1
3336 0
3287 1
3237 0
3188 1
3138 1
3087 0
3037 1
2986 1
2935 0
2883 0
2832 1
2780 1
2728 1
2676 0
2624 1
2571 0
2518 1
2465 0
2412 1
2359 0
2305 1
2252 1
2198 0
2144 1
2090 1
2036 0
1982 1
1927 1
1873 0
1818 1
1763 0
1709 0
1654 1
1599 1
1544 0
1488 1
1433 1
1378 0
1323 1
1267 0
1212 1
1156 0
1100 1
1045 0
989 1
933 0
878 1
822 1
766 0
710 1
654 0
598 1
542 0
486 1
430 0
374 1
318 0
262 1
206 1
150 0
94 1
38 0
-18 1
-74 0
-130 1
-186 0
-242 1
-298 0
-354 1
-410 0
-466 0
-522 1
-578 1
-633 0
-689 1
-745 0
-801 1
-856 0
-912 1
-968 0
-1023 1
-1079 1
-1134 0
-1190 0
-1245 0
-1300 1
-1355 1
-1409 0
-1464 1
-1518 0
-1572 0
-1626 1
-1680 0
-1733 1
-1787 0
-1840 1
-1893 1
-1945 0
-1998 0
-2050 1
-2102 0
-2153 1
-2205 0
-2256 1
-2307 0
-2357 0
-2408 1
-2458 0
-2507 1
-2557 0
-2606 1
-2655 0
-2703 1
-2751 0
-2799 1
-2847 0
-2894 0
-2941 0
-2987 1
-3033 1
-3079 0
-3124 0
-3169 1
-3214 0
-3258 1
-3302 0
-3345 0
-3389 1
-3431 0
-3473 1
-3515 0
-3557 1
-3598 0
-3638 1
-3679 0
-3718 0
-3758 1
-3796 0
-3835 0
-3873 1
-3910 0
-3947 1
-3984 0
-4020 0
-4056 1
-4091 0
-4125 1
-4160 0
-4193 0
-4227 1
-4259 0
-4292 0
-4323 1
-4354 0
-4385 0
-4415 1
-4445 1
-4474 0
-4503 0
-4531 0
-4558 1
-4586 0
-4612 1
-4638 0
-4663 1
-4688 0
-4713 0
-4737 1
-4760 0
-4783 0
-4805 0
-4826 1
-4847 0
-4868 1
-4888 0
-4907 0
-4926 1
-4944 0
-4962 0
-4979 1
-4995 0
-5011 0
-5026 1
-5041 0
-5055 1
-5069 0
-5082 1
-5094 0
-5106 0
-5117 0
-5128 1
-5138 0
-5148 0
-5156 1
-5165 0
-5172 0
-5180 1
-5186 0
-5192 0
-5197 1
-5202 0
-5207 0
-5210 1
-5213 0
-5216 1
-5218 0
-5219 0
-5220 1
-5221 0
-5220 0
-5220 1
-5218 0
-5216 0
-5214 0
-5211 1
-5207 0
-5203 1
-5198 0
-5193 1
-5187 0
-5180 0
-5173 0
-5165 0
-5157 1
-5148 0
-5139 1
-5129 0
-5118 0
-5107 1
-5095 0
-5083 0
-5070 1
-5056 0
-5042 1
-5028 0
-5012 0
-4996 0
-4980 1
-4963 0
-4945 1
-4927 0
-4908 0
-4889 0
-4869 1
-4848 0
-4827 0
-4805 1
-4783 0
-4760 1
-4736 0
-4712 0
-4688 1
-4662 0
-4636 0
-4610 1
-4583 0
-4555 1
-4527 0
-4498 0
-4469 0
-4439 1
-4408 0
-4377 0
-4346 1
-4314 0
-4281 0
-4248 1
-4214 0
-4179 1
-4144 0
-4109 0
-4073 1
-4036 0
-3999 1
-3961 0
-3923 0
-3884 1
-3845 0
-3805 0
-3765 1
-3724 0
-3683 0
-3641 1
-3599 0
-3556 0
-3513 1
-3469 0
-3425 0
-3380 1
-3335 1
-3290 0
-3244 0
-3197 1
-3150 0
-3103 0
-3056 1
-3007 0
-2959 1
-2910 0
-2861 0
-2811 1
-2761 0
-2711 0
-2660 1
-2609 0
-2557 0
-2506 1
-2453 0
-2401 1
-2348 1
-2295 0
-2242 0
-2188 1
-2135 0
-2080 0
-2026 1
-1971 0
-1917 1
-1861 0
-1806 0
-1751 1
-1695 0
-1639 1
-1583 0
-1527 0
-1470 1
-1414 1
-1357 0
-1300 0
-1243 1
-1186 0
-1129 1
-1072 0
-1014 1
-957 0
-899 0
-842 1
-784 0
-726 1
-668 0
-610 1
-552 0
-494 1
-436 0
-377 0
-319 1
-261 0
-202 1
-144 1
-85 0
-26 0
32 1
91 0
150 1
208 1
267 0
326 0
384 1
443 0
502 1
561 0
619 1
678 0
736 1
795 0
853 0
912 1
970 1
1028 0
1087 1
1145 0
1203 1
1261 0
1319 1
1377 0
1434 1
1492 0
1549 1
1607 1
1664 0
1721 1
1778 0
1835 0
1891 1
1948 1
2004 0
2060 1
2116 0
2172 1
2228 0
2283 1
2339 0
2394 1
2449 0
2504 1
2558 0
2612 1
2667 1
2720 0
2774 1
2828 1
2881 0
2934 1
2986 0
3039 1
3091 0
3143 1
3195 0
3246 1
3298 1
3349 0
3399 1
3450 0
3500 1
3550 0
3599 1
3649 1
3698 0
3746 1
3795 0
3843 1
3890 1
3938 0
3985 1
4032 0
4078 1
4125 1
4171 0
4216 1
4261 0
4306 1
4351 1
4395 0
4439 1
4482 1
4525 0
4568 1
4611 1
4653 0
4695 1
4736 0
4777 1
4818 1
4858 0
4898 0
4938 1
4977 1
5016 1
5054 0
5092 1
5130 1
5167 0
5204 1
5241 0
5277 1
5313 1
5348 1
5383 0
5418 1
5452 1
5485 0
5518 1
5551 0
5584 1
5616 1
5647 0
5678 1
5709 0
5739 1
5769 1
5798 1
5827 1
5856 0
5884 1
5912 0
5939 1
5966 1
5993 0
6019 1
6045 1
6070 0
6095 1
6120 1
6144 0
6168 1
6191 1
6214 1
6237 0
6259 1
6281 0
6302 1
6323 1
6344 0
6364 1
6384 1
6404 1
6423 0
6442 1
6461 1
6479 0
6497 1
6515 1
6532 0
6549 1
6566 1
6582 0
6598 1
6614 1
6629 1
6644 0
6659 1
6674 1
6688 1
6702 0
6715 1
6729 0
6742 1
6754 1
6767 1
6779 0
6791 1
6803 0
6814 1
6825 1
6836 1
6847 0
6857 1
6867 1
6877 1
6887 0
6896 1
6905 1
6914 1
6923 0
6932 1
6940 0
6948 1
6956 1
6963 1
6971 0
6978 1
6985 1
6991 0
6998 1
7004 1
7010 1
7016 0
7022 1
7027 1
7032 1
7037 0
7042 1
7047 1
7051 0
7055 1
7059 1
7063 0
7066 1
7070 1
7073 0
7076 1
7079 1
7081 1
7084 1
7086 0
7088 1
7089 1
7091 0
7092 1
7093 1
7094 0
7095 1
7095 1
7095 1
7095 0
7095 1
7094 1
7093 0
7092 1
7090 1
7089 1
7087 0
7084 1
7082 1
7079 0
7076 1
7073 1
7070 1
7066 1
7063 0
7058 1
7054 0
7050 1
7045 1
7040 1
7035 0
7030 1
7025 1
7020 1
7014 0
7008 1
7003 0
6997 1
6991 1
6985 1
6979 1
6973 0
6966 1
6960 1
6953 0
6947 1
6940 1
6934 0
6927 1
6920 1
6913 1
6907 1
6900 0
6893 1
6886 0
6879 1
6872 1
6865 1
6858 0
6850 1
6843 1
6836 1
6829 0
6822 1
6815 0
6808 1
6800 1
6793 1
6786 1
6779 0
6772 1
6764 0
6757 1
6750 1
6743 1
6736 1
6728 0
6721 1
6714 1
6707 0
6700 1
6692 1
6685 0
6678 1
6671 0
6664 1
6657 1
6650 1
6642 1
6635 1
6628 0
6621 1
6614 0
6607 1
6600 1
6593 1
6585 0
6578 1
6571 1
6564 0
6557 1
6550 1
6543 0
6535 1
6528 1
6521 1
6514 0
6506 1
6499 1
6492 0
6485 1
6477 1
6470 0
6463 1
6455 1
6448 1
6440 0
6433 1
6425 1
6418 0
6410 1
6402 1
6395 0
6387 1
6379 1
6371 1
6363 0
6355 1
6348 1
6340 1
6331 0
6323 1
6315 0
6307 1
6299 1
6290 0
6282 1
6274 1
6265 1
6257 0
6248 1
6240 1
6231 0
6222 1
6213 1
6205 0
6196 1
6187 1
6178 1
6170 0
6161 1
6152 1
6144 0
6135 1
6127 0
6118 1
6110 1
6101 1
6092 1
6084 0
6076 1
6067 1
6059 0
6050 1
6042 1
6033 0
6025 1
6016 1
6008 0
6000 1
5991 1
5983 0
5974 1
5966 0
5958 1
5949 1
5941 1
5932 1
5924 0
5915 1
5907 1
5898 0
5890 1
5881 0
5872 1
5864 1
5855 1
5846 1
5838 0
5829 1
5820 0
5811 1
5802 1
5793 0
5784 1
5775 0
5766 1
5757 1
5748 1
5739 1
5729 0
5720 1
5711 1
5701 1
5691 0
5682 1
5672 0
5662 1
5653 0
5643 1
5633 1
5623 0
5612 1
5602 1
5592 0
5582 1
5571 1
5561 1
5550 0
5539 1
5529 1
5518 1
5507 0
5496 1
5485 0
5474 1
5462 1
5451 1
5440 0
5428 1
5417 0
5405 1
5394 1
5382 0
5370 1
5359 0
5347 1
5335 1
5323 1
5311 0
5299 1
5286 1
5274 1
5262 0
5250 1
5237 0
5225 1
5213 1
5200 0
5188 1
5175 1
5163 0
5150 1
5138 1
5125 0
5113 1
5100 1
5088 0
5075 1
5063 1
5050 1
5038 0
5026 1
5013 0
5001 1
4989 0
4977 1
4965 1
4953 0
4941 1
4930 1
4918 0
4907 1
4895 1
4884 1
4873 0
4862 1
4851 1
4840 0
4829 1
4819 0
4808 1
4798 1
4787 1
4777 0
4767 1
4757 0
4747 1
4737 0
4727 1
4717 1
4707 0
4697 1
4687 1
4678 1
4668 0
4658 1
4648 0
4639 1
4629 1
4620 0
4610 1
4600 1
4591 1
4581 0
4572 1
4563 0
4553 1
4544 0
4534 1
4525 0
4516 1
4507 1
4497 1
4488 1
4479 0
4470 1
4461 0
4452 1
4443 1
4434 0
4425 1
4416 0
4407 1
4398 1
4389 0
4380 1
4372 1
4363 0
4354 1
4346 1
4337 0
4329 1
4320 0
4312 1
4304 1
4295 1
4287 0
4279 1
4271 0
4263 1
4256 0
4248 1
4240 1
4233 0
4225 1
4218 1
4211 0
4203 1
4196 1
4190 0
4183 1
4176 0
4169 1
4163 1
4157 1
4151 0
4144 1
4139 0
4133 1
4127 1
4122 0
4116 1
4111 0
4106 1
4101 1
4097 0
4092 1
4088 0
4084 1
4080 1
4076 0
4072 1
4069 1
4066 0
4063 1
4060 1
4057 0
4055 1
4053 0
4050 1
4049 1
4047 0
4046 1
4044 1
4044 0
4043 1
4042 1
4042 0
4042 1
4042 0
4042 1
4043 0
4044 1
4045 1
4046 0
4048 1
4049 1
4051 0
4053 1
4056 1
4059 0
4061 1
4064 0
4068 1
4071 1
4075 0
4079 1
4083 0
4087 1
4091 1
4096 0
4100 1
4105 1
4110 0
4116 1
4121 1
4127 0
4133 1
4139 0
4145 1
4152 1
4158 0
4165 1
4172 1
4179 0
4186 1
4194 0
4201 1
4209 1
4217 0
4225 1
4234 0
4242 1
4251 1
4259 0
4268 1
4278 1
4287 0
4296 1
4306 0
4316 1
4325 1
4335 0
4346 1
4356 1
4366 1
4377 0
4388 1
4399 0
4410 1
4421 0
4432 1
4443 1
4455 0
4466 1
4478 0
4490 1
4502 1
4514 1
4526 0
4539 1
4551 0
4564 1
4576 1
4589 0
4602 1
4615 1
4628 0
4641 1
4654 1
4667 0
4680 1
4694 0
4707 1
4721 1
4734 0
4748 1
4762 0
4776 1
4790 1
4803 0
4817 1
4831 1
4845 1
4860 0
4874 1
4888 0
4902 1
4916 1
4930 0
4945 1
4959 1
4973 0
4988 1
5002 1
5016 0
5031 1
5045 0
5059 1
5074 1
5088 0
5102 1
5116 1
5131 0
5145 1
5159 1
5173 0
5187 1
5201 1
5215 0
5229 1
5243 1
5257 0
5271 1
5285 1
5299 0
5312 1
5326 0
5339 1
5352 1
5365 0
5378 1
5391 1
5404 1
5417 0
5429 1
5441 0
5453 1
5465 1
5477 1
5489 0
5501 1
5512 0
5523 1
5535 1
5546 0
5557 1
5567 1
5578 0
5588 1
5599 1
5609 0
5619 1
5629 1
5639 0
5648 1
5658 1
5667 1
5676 0
5685 1
5694 1
5703 0
5711 1
5720 0
5728 1
5736 1
5744 0
5752 1
5759 1
5767 0
5774 1
5781 1
5788 0
5795 1
5801 1
5808 0
5814 1
5820 1
5826 1
5831 1
5837 0
5842 1
5847 0
5852 1
5857 0
5862 1
5866 1
5870 1
5874 0
5878 1
5881 1
5884 0
5887 1
5890 1
5893 0
5895 1
5897 1
5899 0
5901 1
5902 1
5903 0
5904 1
5904 1
5905 0
5905 1
5904 1
5904 0
5903 1
5902 1
5901 1
5899 1
5897 0
5895 1
5892 0
5889 1
5886 1
5882 0
5878 1
5874 0
5870 1
5865 1
5859 1
5854 0
5848 1
5842 1
5835 1
5828 0
5820 1
5813 0
5804 1
5796 1
5787 0
5778 1
5768 1
5758 1
5747 0
5736 1
5725 0
5713 1
5701 1
5688 1
5675 0
5662 1
5648 1
5634 1
5619 0
5604 1
5589 0
5572 1
5556 1
5539 0
5522 1
5504 0
5486 1
5467 1
5448 1
5428 0
5408 1
5388 1
5367 1
5345 0
5324 1
5301 0
5278 1
5255 1
5231 0
5207 1
5183 1
5158 1
5132 0
5107 1
5080 0
5054 1
5027 1
4999 0
4971 1
4943 1
4914 1
4885 0
4856 1
4826 0
4796 1
4765 1
4734 0
4702 1
4670 0
4638 1
4606 1
4572 1
4539 0
4505 1
4471 0
4436 1
4401 1
4366 1
4330 0
4294 1
4258 1
4221 0
4184 1
4146 1
4108 0
4070 1
4031 0
3992 1
3953 0
3913 1
3873 1
3833 0
3792 1
3751 0
3710 1
3668 1
3626 1
3584 0
3541 1
3499 1
3455 0
3412 1
3368 0
3324 1
3279 1
3235 0
3190 1
3144 0
3099 1
3053 1
3007 0
2961 1
2914 1
2867 0
2820 1
2772 0
2725 1
2677 0
2629 1
2580 1
2532 0
2483 1
2434 0
2385 1
2335 1
2286 0
2236 1
2186 0
2136 1
2085 1
2035 0
1984 1
1933 0
1882 1
1830 0
1779 1
1727 1
1676 0
1624 1
1572 0
1519 1
1467 1
1415 0
1362 1
1309 0
1257 1
1204 0
1151 1
1098 0
1045 1
991 1
938 0
885 0
831 1
778 1
724 0
670 1
617 0
563 1
509 0
456 1
402 0
348 1
294 1
240 0
186 0
132 1
78 1
24 0
-30 1
-84 0
-138 1
-193 1
-247 0
-301 0
-356 1
-410 0
-464 1
-518 0
-573 0
-627 1
-681 1
-735 0
-789 1
-843 0
-896 1
-950 1
-1004 0
-1057 0
-1110 1
-1163 0
-1216 0
-1269 1
-1322 1
-1374 0
-1427 1
-1479 0
-1531 1
-1582 0
-1634 0
-1685 1
-1736 1
-1786 0
-1837 0
-1887 1
-1937 0
-1987 1
-2036 0
-2085 1
-2134 0
-2182 1
-2230 0
-2278 1
-2326 0
-2373 0
-2419 1
-2466 0
-2512 1
-2558 0
-2603 0
-2648 1
-2693 0
-2737 1
-2781 1
-2824 0
-2867 0
-2910 1
-2953 0
-2994 1
-3036 0
-3077 0
-3118 1
-3158 0
-3198 1
-3237 0
-3276 0
-3315 1
-3353 0
-3391 1
-3428 0
-3465 0
-3502 1
-3538 0
-3573 1
-3608 0
-3643 1
-3677 0
-3711 1
-3745 0
-3778 0
-3810 1
-3842 0
-3874 0
-3905 0
-3936 1
-3967 1
-3997 0
-4026 0
-4055 0
-4084 1
-4112 1
-4140 0
-4167 0
-4194 1
-4221 0
-4247 0
-4273 1
-4298 0
-4323 1
-4347 0
-4371 0
-4395 1
-4418 0
-4441 1
-4464 0
-4486 0
-4507 0
-4528 1
-4549 0
-4570 1
-4590 0
-4609 0
-4628 1
-4647 0
-4666 0
-4684 1
-4701 0
-4719 0
-4735 1
-4752 0
-4768 1
-4784 0
-4799 1
-4814 0
-4829 1
-4843 0
-4857 0
-4870 0
-4883 0
-4896 1
-4908 0
-4920 0
-4932 1
-4943 0
-4954 1
-4964 0
-4974 0
-4984 1
-4993 0
-5002 0
-5010 1
-5018 0
-5026 1
-5033 0
-5040 0
-5046 1
-5052 0
-5057 0
-5062 1
-5066 0
-5071 0
-5074 0
-5078 1
-5080 0
-5083 1
-5085 0
-5086 0
-5088 1
-5088 0
-5089 1
-5089 0
-5088 0
-5087 0
-5086 1
-5084 0
-5082 1
-5080 0
-5077 0
-5073 0
-5070 1
-5065 0
-5061 0
-5056 1
-5050 0
-5045 1
-5039 0
-5032 0
-5025 1
-5018 0
-5010 0
-5002 1
-4993 0
-4985 0
-4975 1
-4966 0
-4956 0
-4945 1
-4934 0
-4923 1
-4912 0
-4900 0
-4888 0
-4875 1
-4862 0
-4849 0
-4835 1
-4821 0
-4807 0
-4792 1
-4777 0
-4761 1
-4746 0
-4729 0
-4713 1
-4696 0
-4679 1
-4662 0
-4644 0
-4626 0
-4607 1
-4589 0
-4570 0
-4550 1
-4531 0
-4511 0
-4490 1
-4470 0
-4449 1
-4428 0
-4406 0
-4385 1
-4363 0
-4340 0
-4318 1
-4295 0
-4272 0
-4248 1
-4225 0
-4201 1
-4177 0
-4152 0
-4128 1
-4103 0
-4078 0
-4052 1
-4027 0
-4001 0
-3975 1
-3948 0
-3922 1
-3895 0
-3868 0
-3841 1
-3814 0
-3786 0
-3758 1
-3730 0
-3702 0
-3674 1
-3645 1
-3616 0
-3588 0
-3559 0
-3529 1
-3500 0
-3471 1
-3441 0
-3412 0
-3382 1
-3353 0
-3323 0
-3293 1
-3263 0
-3232 1
-3202 0
-3172 1
-3141 0
-3111 0
-3080 1
-3049 0
-3019 0
-2988 1
-2957 0
-2925 0
-2894 1
-2863 0
-2831 1
-2800 0
-2768 1
-2737 0
-2705 1
-2673 0
-2641 0
-2609 1
-2577 0
-2545 0
-2513 1
-2480 0
-2448 1
-2415 0
-2383 1
-2350 0
-2318 0
-2285 1
-2252 0
-2219 0
-2186 1
-2153 1
-2120 0
-2087 0
-2054 1
-2021 0
-1987 0
-1954 1
-1921 0
-1888 1
-1854 0
-1821 1
-1787 0
-1754 1
-1720 0
-1687 1
-1654 0
-1620 0
-1587 1
-1553 0
-1520 1
-1486 0
-1453 1
-1419 0
-1386 0
-1353 1
-1319 0
-1286 0
-1253 1
-1220 0
-1186 1
-1153 1
-1120 0
-1087 0
-1054 1
-1022 1
-989 0
-956 0
-924 1
-891 0
-859 1
-827 0
-795 1
-763 0
-731 0
-699 1
-668 1
-636 0
-605 0
-574 1
-543 0
-512 1
-481 0
-451 0
-420 1
-390 1
-360 0
-331 1
-301 0
-272 1
-243 0
-214 0
-185 1
-157 0
-128 1
-100 1
-73 0
-45 1
-18 0
9 0
36 1
62 0
89 1
115 0
140 1
166 1
191 0
216 0
240 1
265 0
289 1
312 0
336 1
359 1
382 0
404 0
426 1
448 0
470 1
491 0
512 1
533 0
553 1
573 0
592 1
612 1
631 0
650 0
668 1
686 0
704 1
722 1
739 0
756 1
773 0
789 1
805 0
821 0
836 1
852 1
867 0
881 0
896 1
910 1
923 0
937 1
950 0
963 1
975 1
988 0
999 0
1011 1
1022 0
1034 1
1044 0
1055 1
1065 1
1075 0
1085 1
1094 0
1103 1
1112 0
1120 0
1128 1
1136 1
1144 0
1151 1
1158 0
1165 1
1171 1
1177 0
1183 1
1189 0
1194 0
1199 1
1204 1
1209 0
1213 0
1217 1
1220 1
1224 0
1227 1
1230 1
1233 0
1235 0
1237 1
1239 1
1240 0
1242 0
1243 1
1244 1
1244 0
1245 1
1245 0
1245 1
1244 0
1243 1
1243 0
1241 1
1240 1
1239 0
1237 1
1235 0
1232 1
1230 0
1227 0
1224 1
1221 1
1218 0
1214 1
1210 0
1206 1
1202 1
1198 0
1193 1
1188 0
1183 0
1178 1
1173 1
1167 0
1161 1
1155 0
1149 1
1143 1
1137 0
1130 0
1123 1
1116 1
1109 0
1102 1
1094 0
1086 0
1079 1
1071 1
1063 0
1054 1
1046 0
1037 1
1029 1
1020 0
1011 0
1002 1
993 0
983 1
974 1
964 0
954 1
944 0
933 1
923 1
912 0
902 0
891 1
880 0
869 1
857 0
846 1
835 1
823 0
812 0
800 1
788 1
776 0
764 1
752 0
740 1
728 0
716 1
704 0
692 1
679 1
667 0
655 0
643 1
630 1
618 0
606 0
593 1
581 0
569 1
557 1
544 0
532 1
520 0
508 1
496 0
484 1
472 0
460 1
448 0
436 1
424 0
413 1
401 1
390 0
378 0
367 1
356 0
344 1
333 0
322 1
311 1
300 0
290 1
279 0
269 0
258 1
248 1
237 0
227 0
217 1
207 1
198 0
188 1
178 0
169 1
159 0
150 0
141 1
132 1
123 0
114 1
105 0
96 1
88 0
80 1
71 1
63 0
55 0
47 1
39 0
31 0
23 1
16 1
8 0
1 1
-6 0
-14 1
-21 0
-28 1
-35 0
-42 1
-48 0
-55 1
-62 0
-68 1
-75 0
-81 1
-87 0
-94 1
-100 1
-106 0
-112 0
-118 1
-123 0
-129 1
-135 0
-141 1
-146 0
-152 1
-157 0
-163 1
-168 0
-173 1
-178 0
-183 1
-189 0
-194 1
-199 0
-204 1
-209 0
-213 0
-218 1
-223 1
-228 0
-232 1
-237 0
-241 1
-246 1
-250 0
-255 0
-259 1
-263 0
-268 0
-272 1
-276 1
-280 0
-284 1
-287 0
-291 0
-295 1
-298 1
-301 0
-305 0
-308 1
-311 1
-314 0
-317 1
-320 0
-323 1
-326 0
-328 0
-331 1
-333 1
-336 0
-338 0
-340 1
-343 0
-345 1
-347 1
-348 0
-350 0
-352 1
-354 0
-355 1
-357 1
-358 0
-359 0
-360 1
-362 0
-363 1
-364 0
-365 1
-365 1
-366 0
-367 0
-367 1
-368 0
-368 1
-368 0
-369 0
-369 1
-369 1
-369 0
-369 1
-369 0
-369 1
-368 0
-368 0
-368 1
-367 1
-366 0
-366 1
-365 0
-364 1
-363 0
-363 0
-362 1
-360 1
-359 0
-358 1
-357 0
-356 0
-354 1
-353 0
-351 1
-350 0
-348 1
-346 1
-345 0
-343 0
-341 1
-339 1
-337 0
-335 0
-333 1
-331 0
-328 1
-326 0
-324 0
-321 1
-319 1
-317 0
-314 1
-312 0
-309 1
-306 0
-304 1
-301 1
-298 0
-295 0
-292 1
-289 0
-287 0
-284 1
-281 1
-277 0
-274 1
-271 0
-268 0
-265 1
-262 0
-258 1
-255 1
-252 0
-248 0
-245 1
-242 1
-238 0
-235 1
-231 0
-227 0
-223 1
-219 1
-216 0
-212 0
-207 1
-203 1
-199 0
-195 0
-191 1
-186 0
-182 1
-178 0
-173 1
-169 0
-165 1
-160 0
-156 1
-151 0
-147 1
-143 1
-138 0
-134 0
-129 1
-125 0
-121 1
-116 0
-112 1
-108 0
-104 1
-99 1
-95 0
-91 0
-87 1
-83 0
-79 0
-75 1
-71 1
-68 0
-64 1
-60 0
-57 1
-53 0
-50 1
-46 0
-43 0
-40 1
-37 1
-34 0
-31 1
-28 0
-25 1
-22 1
-20 0
-17 0
-15 1
-13 0
-10 1
-8 0
-6 0
-4 1
-2 1
0 0
1 1
3 0
5 0
6 1
8 1
9 0
10 1
11 0
12 1
13 0
14 1
15 0
16 0
16 1
17 1
18 0
18 1
18 0
19 1
19 0
19 1
19 0
19 1
19 0
19 1
19 0
19 1
19 0
19 1
18 0
18 0
18 1
17 1
17 0
17 1
16 0
16 0
15 1
15 1
14 0
14 1
13 0
12 1
12 0
11 1
11 0
10 1
9 0
9 1
8 0
8 0
7 1
6 1
6 0
5 1
5 0
4 1
4 0
3 1
3 0
3 1
2 0
2 1
1 0
1 1
1 0
1 1
0 0
0 0
0 1
0 1
0 0
0 1
0 0
0 0
0 1
0 1
0 0
0 1
0 0
0 1
0 0
0 1
0 0
0 1
0 0
0 1
0 0
0 1
0 0
0 1
0 0
0 1
0 0
0 1
0 0
0 0
0 1
0 1
0 0
0 0
0 1
0 1
0 0
0 1
0 0
0 1
0 0
0 1
0 0
0 1
0 0
0 1
0 0
0 1
0 0
0 1
0 0
0 1
0 0
0 1
0 0
0 0
0 1
0 1
0 0
0 1
0 0
0 1
0 0
0 0
0 1
0 1
0 0
0 1
0 0
0 1
0 0
0 1
0 0
0 1
0 0
0 0
0 1
0 1
0 0
0 1
0 0
0 1
0 1
0 0
0 0
0 1
0 0
0 0
0 1
0 1
0 0
0 0
0 1
0 1
0 0
0 1
0 0
0 1
0 0
0 1
0 0
0 1
0 0
0 0
0 1
0 1
0 0
0 1
0 0
0 1
0 0
0 1
0 0
0 1
0 0
0 1
0 0
0 1
0 0
0 1
0 0
0 1
0 0
0 0
0 1
0 1
0 0
0 0
0 1
0 1
0 0
0 1
0 0
