0 1
201 0
402 0
603 1
803 0
1003 1
1202 1
1401 0
1598 0
1795 1
1990 1
2185 0
2378 1
2570 0
2760 0
2948 1
3135 1
3320 0
3503 1
3683 0
3862 0
4038 1
4212 1
4383 0
4551 1
4717 0
4880 1
5040 1
5197 0
5351 1
5501 1
5649 0
5793 1
5933 0
6070 1
6203 0
6333 1
6458 1
6580 0
6698 1
6811 0
6921 1
7027 1
7128 1
7225 0
7317 1
7405 1
7489 0
7568 1
7643 1
7713 1
7779 0
7839 1
7895 1
7946 0
7993 1
8035 1
8071 0
8103 1
8130 1
8153 1
8170 0
8182 1
8190 1
8192 0
8190 1
8182 1
8170 0
8153 1
8130 1
8103 1
8071 1
8035 1
7993 0
7946 1
7895 1
7839 1
7779 0
7713 1
7643 1
7568 0
7489 1
7405 1
7317 1
7225 0
7128 1
7027 1
6921 1
6811 1
6698 0
6580 1
6458 0
6333 1
6203 1
6070 1
5933 1
5793 0
5649 1
5501 1
5351 0
5197 1
5040 1
4880 0
4717 1
4551 1
4383 1
4212 0
4038 1
3862 1
3683 1
3503 0
3320 1
3135 0
2948 1
2760 1
2570 1
2378 0
2185 0
1990 1
1795 1
1598 1
1401 0
1202 1
1003 0
803 1
603 0
402 1
201 1
0 0
-201 1
-402 1
-603 0
-803 1
-1003 0
-1202 1
-1401 0
-1598 1
-1795 0
-1990 1
-2185 0
-2378 1
-2570 0
-2760 1
-2948 0
-3135 1
-3320 0
-3503 1
-3683 0
-3862 1
-4038 0
-4212 1
-4383 0
-4551 1
-4717 0
-4880 0
-5040 1
-5197 0
-5351 1
-5501 0
-5649 0
-5793 1
-5933 0
-6070 0
-6203 1
-6333 0
-6458 0
-6580 1
-6698 1
-6811 0
-6921 0
-7027 0
-7128 1
-7225 0
-7317 0
-7405 1
-7489 0
-7568 0
-7643 1
-7713 0
-7779 0
-7839 0
-7895 1
-7946 0
-7993 0
-8035 1
-8071 0
-8103 0
-8130 1
-8153 0
-8170 0
-8182 1
-8190 0
-8192 0
-8190 0
-8182 0
-8170 0
-8153 1
-8130 0
-8103 0
-8071 0
-8035 1
-7993 0
-7946 0
-7895 1
-7839 0
-7779 0
-7713 1
-7643 0
-7568 0
-7489 0
-7405 1
-7317 0
-7225 0
-7128 0
-7027 0
-6921 0
-6811 1
-6698 0
-6580 0
-6458 1
-6333 0
-6203 0
-6070 0
-5933 1
-5793 0
-5649 1
-5501 0
-5351 0
-5197 0
-5040 1
-4880 0
-4717 0
-4551 0
-4383 0
-4212 1
-4038 0
-3862 1
-3683 0
-3503 0
-3320 1
-3135 0
-2948 0
-2760 1
-2570 0
-2378 0
-2185 1
-1990 0
-1795 0
-1598 1
-1401 0
-1202 1
-1003 0
-803 0
-603 1
-402 0
-201 0
0 1
201 0
402 1
603 0
803 1
1003 0
1202 1
1401 0
1598 0
1795 1
1990 1
2185 0
2378 1
2570 0
2760 0
2948 1
3135 1
3320 0
3503 1
3683 0
3862 0
4038 1
4212 1
4383 0
4551 1
4717 0
4880 1
5040 0
5197 1
5351 1
5501 0
5649 1
5793 1
5933 0
6070 1
6203 1
6333 0
6458 1
6580 0
6698 1
6811 0
6921 1
7027 1
7128 1
7225 0
7317 1
7405 1
7489 0
7568 1
7643 1
7713 0
7779 1
7839 1
7895 1
7946 0
7993 1
8035 1
8071 0
8103 1
8130 1
8153 0
8170 1
8182 1
8190 1
8192 0
8190 1
8182 1
8170 1
8153 0
8130 1
8103 1
8071 1
8035 1
7993 0
7946 1
7895 1
7839 0
7779 1
7713 1
7643 1
7568 0
7489 1
7405 1
7317 1
7225 0
7128 1
7027 1
6921 0
6811 1
6698 1
6580 1
6458 1
6333 1
6203 0
6070 1
5933 1
5793 0
5649 1
5501 0
5351 1
5197 1
5040 1
4880 0
4717 1
4551 1
4383 1
4212 1
4038 0
3862 1
3683 0
3503 1
3320 0
3135 1
2948 1
2760 1
2570 0
2378 1
2185 1
1990 0
1795 1
1598 1
1401 0
1202 1
1003 0
803 1
603 1
402 0
201 1
0 0
-201 1
-402 0
-603 1
-803 1
-1003 0
-1202 0
-1401 1
-1598 1
-1795 0
-1990 1
-2185 0
-2378 1
-2570 0
-2760 1
-2948 0
-3135 1
-3320 0
-3503 1
-3683 0
-3862 1
-4038 0
-4212 1
-4383 0
-4551 1
-4717 0
-4880 0
-5040 1
-5197 0
-5351 1
-5501 0
-5649 0
-5793 1
-5933 0
-6070 0
-6203 0
-6333 1
-6458 0
-6580 1
-6698 0
-6811 1
-6921 0
-7027 0
-7128 1
-7225 0
-7317 1
-7405 0
-7489 0
-7568 0
-7643 1
-7713 0
-7779 0
-7839 1
-7895 0
-7946 0
-7993 0
-8035 0
-8071 1
-8103 0
-8130 0
-8153 1
-8170 0
-8182 0
-8190 0
-8192 1
-8190 0
-8182 0
-8170 1
-8153 0
-8130 0
-8103 1
-8071 0
-8035 0
-7993 0
-7946 0
-7895 1
-7839 0
-7779 0
-7713 0
-7643 0
-7568 1
-7489 0
-7405 0
-7317 1
-7225 0
-7128 0
-7027 0
-6921 1
-6811 0
-6698 0
-6580 0
-6458 1
-6333 0
-6203 0
-6070 1
-5933 0
-5793 0
-5649 0
-5501 0
-5351 1
-5197 0
-5040 1
-4880 0
-4717 0
-4551 0
-4383 0
-4212 1
-4038 0
-3862 1
-3683 0
-3503 0
-3320 1
-3135 0
-2948 0
-2760 1
-2570 0
-2378 0
-2185 0
-1990 1
-1795 0
-1598 1
-1401 0
-1202 1
-1003 0
-803 0
-603 1
-402 0
-201 1
0 0
201 0
402 1
603 0
803 1
1003 0
1202 0
1401 1
1598 1
1795 0
1990 0
2185 1
2378 0
2570 1
2760 0
2948 1
3135 0
3320 1
3503 1
3683 0
3862 1
4038 0
4212 1
4383 0
4551 1
4717 0
4880 1
5040 1
5197 0
5351 1
5501 0
5649 1
5793 0
5933 1
6070 1
6203 0
6333 1
6458 1
6580 0
6698 1
6811 1
6921 0
7027 1
7128 1
7225 0
7317 1
7405 0
7489 1
7568 1
7643 1
7713 0
7779 1
7839 1
7895 0
7946 1
7993 1
8035 1
8071 0
8103 1
8130 1
8153 0
8170 1
8182 1
8190 1
8192 1
8190 0
8182 1
8170 1
8153 1
8130 0
8103 1
8071 0
8035 1
7993 1
7946 1
7895 0
7839 1
7779 1
7713 1
7643 1
7568 1
7489 0
7405 1
7317 0
7225 1
7128 1
7027 1
6921 1
6811 0
6698 1
6580 1
6458 1
6333 0
6203 1
6070 1
5933 0
5793 1
5649 1
5501 1
5351 0
5197 1
5040 1
4880 0
4717 1
4551 1
4383 1
4212 0
4038 1
3862 1
3683 0
3503 1
3320 1
3135 0
2948 1
2760 1
2570 0
2378 1
2185 1
1990 0
1795 1
1598 0
1401 1
1202 0
1003 1
803 1
603 1
402 0
201 1
0 0
-201 1
-402 0
-603 1
-803 1
-1003 0
-1202 1
-1401 0
-1598 0
-1795 1
-1990 1
-2185 0
-2378 1
-2570 1
-2760 0
-2948 0
-3135 1
-3320 0
-3503 1
-3683 0
-3862 1
-4038 0
-4212 0
-4383 1
-4551 0
-4717 1
-4880 0
-5040 0
-5197 1
-5351 1
-5501 0
-5649 0
-5793 1
-5933 0
-6070 0
-6203 1
-6333 0
-6458 1
-6580 0
-6698 0
-6811 1
-6921 0
-7027 0
-7128 1
-7225 0
-7317 0
-7405 1
-7489 0
-7568 0
-7643 1
-7713 0
-7779 0
-7839 0
-7895 0
-7946 1
-7993 0
-8035 0
-8071 1
-8103 0
-8130 1
-8153 0
-8170 0
-8182 0
-8190 1
-8192 0
-8190 0
-8182 0
-8170 1
-8153 0
-8130 0
-8103 0
-8071 0
-8035 1
-7993 0
-7946 0
-7895 0
-7839 1
-7779 0
-7713 1
-7643 0
-7568 0
-7489 0
-7405 0
-7317 0
-7225 1
-7128 0
-7027 0
-6921 1
-6811 0
-6698 0
-6580 0
-6458 1
-6333 0
-6203 0
-6070 0
-5933 1
-5793 0
-5649 0
-5501 1
-5351 0
-5197 0
-5040 0
-4880 1
-4717 0
-4551 0
-4383 1
-4212 0
-4038 0
-3862 1
-3683 0
-3503 0
-3320 0
-3135 1
-2948 0
-2760 0
-2570 1
-2378 0
-2185 0
-1990 1
-1795 0
-1598 1
-1401 0
-1202 1
-1003 0
-803 1
-603 0
-402 0
-201 1
0 0
201 0
402 0
603 1
803 1
1003 0
1202 0
1401 1
1598 0
1795 1
1990 0
2185 1
2378 1
2570 0
2760 0
2948 1
3135 1
3320 0
3503 0
3683 1
3862 0
4038 1
4212 1
4383 0
4551 1
4717 0
4880 1
5040 1
5197 0
5351 1
5501 0
5649 1
5793 0
5933 1
6070 1
6203 0
6333 1
6458 1
6580 0
6698 1
6811 0
6921 1
7027 1
7128 0
7225 1
7317 1
7405 1
7489 0
7568 1
7643 1
7713 1
7779 0
7839 1
7895 0
7946 1
7993 1
8035 0
8071 1
8103 1
8130 1
8153 0
8170 1
8182 1
8190 1
8192 0
8190 1
8182 1
8170 1
8153 0
8130 1
8103 1
8071 1
8035 0
7993 1
7946 1
7895 1
7839 0
7779 1
7713 1
7643 0
7568 1
7489 1
7405 1
7317 1
7225 0
7128 1
7027 1
6921 1
6811 0
6698 1
6580 1
6458 0
6333 1
6203 1
6070 1
5933 0
5793 1
5649 1
5501 1
5351 0
5197 1
5040 1
4880 0
4717 1
4551 1
4383 1
4212 0
4038 1
3862 0
3683 1
3503 1
3320 1
3135 1
2948 0
2760 1
2570 0
2378 1
2185 0
1990 1
1795 1
1598 0
1401 1
1202 0
1003 1
803 1
603 1
402 0
201 1
0 0
-201 1
-402 0
-603 1
-803 0
-1003 1
-1202 1
-1401 0
-1598 1
-1795 0
-1990 1
-2185 0
-2378 1
-2570 0
-2760 1
-2948 0
-3135 1
-3320 0
-3503 1
-3683 0
-3862 0
-4038 1
-4212 1
-4383 0
-4551 0
-4717 1
-4880 0
-5040 0
-5197 1
-5351 1
-5501 0
-5649 0
-5793 0
-5933 1
-6070 1
-6203 0
-6333 0
-6458 0
-6580 1
-6698 0
-6811 1
-6921 0
-7027 0
-7128 1
-7225 0
-7317 0
-7405 0
-7489 1
-7568 0
-7643 1
-7713 0
-7779 0
-7839 0
-7895 1
-7946 0
-7993 0
-8035 1
-8071 0
-8103 0
-8130 0
-8153 1
-8170 0
-8182 0
-8190 0
-8192 0
-8190 1
-8182 0
-8170 1
-8153 0
-8130 0
-8103 0
-8071 1
-8035 0
-7993 0
-7946 0
-7895 0
-7839 1
-7779 0
-7713 0
-7643 1
-7568 0
-7489 0
-7405 0
-7317 1
-7225 0
-7128 0
-7027 0
-6921 0
-6811 1
-6698 0
-6580 0
-6458 1
-6333 0
-6203 0
-6070 0
-5933 1
-5793 0
-5649 0
-5501 0
-5351 1
-5197 0
-5040 0
-4880 1
-4717 0
-4551 0
-4383 1
-4212 0
-4038 0
-3862 1
-3683 0
-3503 0
-3320 0
-3135 1
-2948 0
-2760 0
-2570 1
-2378 0
-2185 1
-1990 0
-1795 0
-1598 1
-1401 0
-1202 0
-1003 1
-803 0
-603 0
-402 1
-201 1
0 0
201 0
402 1
603 0
803 1
1003 0
1202 0
1401 1
1598 1
1795 0
1990 0
2185 1
2378 0
2570 1
2760 0
2948 1
3135 0
3320 1
3503 0
3683 1
3862 0
4038 1
4212 1
4383 0
4551 1
4717 1
4880 0
5040 0
5197 1
5351 1
5501 0
5649 1
5793 0
5933 1
6070 1
6203 0
6333 1
6458 0
6580 1
6698 1
6811 1
6921 0
7027 1
7128 0
7225 1
7317 1
7405 1
7489 0
7568 1
7643 0
7713 1
7779 1
7839 1
7895 0
7946 1
7993 1
8035 1
8071 0
8103 1
8130 1
8153 1
8170 0
8182 1
8190 0
8192 1
8190 1
8182 1
8170 0
8153 1
8130 1
8103 1
8071 1
8035 0
7993 1
7946 1
7895 0
7839 1
7779 1
7713 1
7643 1
7568 0
7489 1
7405 1
7317 1
7225 0
7128 1
7027 1
6921 1
6811 0
6698 1
6580 1
6458 0
6333 1
6203 1
6070 0
5933 1
5793 1
5649 1
5501 1
5351 0
5197 1
5040 1
4880 0
4717 1
4551 1
4383 0
4212 1
4038 1
3862 1
3683 0
3503 1
3320 1
3135 0
2948 1
2760 0
2570 1
2378 1
2185 1
1990 0
1795 1
1598 1
1401 0
1202 0
1003 1
803 1
603 0
402 1
201 1
0 0
-201 1
-402 0
-603 1
-803 0
-1003 1
-1202 1
-1401 0
-1598 0
-1795 1
-1990 1
-2185 0
-2378 1
-2570 0
-2760 1
-2948 0
-3135 0
-3320 1
-3503 1
-3683 0
-3862 1
-4038 0
-4212 1
-4383 0
-4551 0
-4717 1
-4880 0
-5040 0
-5197 1
-5351 0
-5501 1
-5649 0
-5793 1
-5933 0
-6070 1
-6203 0
-6333 0
-6458 0
-6580 1
-6698 0
-6811 0
-6921 1
-7027 0
-7128 0
-7225 1
-7317 0
-7405 0
-7489 1
-7568 0
-7643 1
-7713 0
-7779 0
-7839 1
-7895 0
-7946 0
-7993 0
-8035 1
-8071 0
-8103 0
-8130 0
-8153 0
-8170 1
-8182 0
-8190 0
-8192 0
-8190 1
-8182 0
-8170 0
-8153 1
-8130 0
-8103 1
-8071 0
-8035 0
-7993 0
-7946 0
-7895 0
-7839 1
-7779 0
-7713 0
-7643 0
-7568 1
-7489 0
-7405 0
-7317 1
-7225 0
-7128 0
-7027 0
-6921 0
-6811 1
-6698 0
-6580 0
-6458 1
-6333 0
-6203 0
-6070 0
-5933 0
-5793 1
-5649 0
-5501 1
-5351 0
-5197 0
-5040 0
-4880 1
-4717 0
-4551 0
-4383 0
-4212 1
-4038 0
-3862 1
-3683 0
-3503 0
-3320 0
-3135 1
-2948 0
-2760 0
-2570 1
-2378 0
-2185 0
-1990 1
-1795 0
-1598 1
-1401 0
-1202 1
-1003 0
-803 0
-603 0
-402 1
-201 1
0 0
201 0
402 1
603 0
803 0
1003 1
1202 0
1401 1
1598 0
1795 1
1990 0
2185 1
2378 0
2570 1
2760 0
2948 1
3135 1
3320 0
3503 0
3683 1
3862 1
4038 0
4212 0
4383 1
4551 1
4717 0
4880 1
5040 0
5197 1
5351 1
5501 0
5649 1
5793 0
5933 1
6070 0
6203 1
6333 1
6458 1
6580 0
6698 1
6811 0
6921 1
7027 1
7128 1
7225 0
7317 1
7405 0
7489 1
7568 1
7643 1
7713 0
7779 1
7839 0
7895 1
7946 1
7993 1
8035 1
8071 0
8103 1
8130 1
8153 0
8170 1
8182 1
8190 0
8192 1
8190 1
8182 1
8170 1
8153 0
8130 1
8103 1
8071 0
8035 1
7993 1
7946 1
7895 1
7839 0
7779 1
7713 1
7643 0
7568 1
7489 1
7405 1
7317 1
7225 0
7128 1
7027 0
6921 1
6811 1
6698 1
6580 1
6458 1
6333 0
6203 1
6070 1
5933 0
5793 1
5649 1
5501 0
5351 1
5197 1
5040 1
4880 0
4717 1
4551 1
4383 0
4212 1
4038 1
3862 1
3683 0
3503 1
3320 0
3135 1
2948 1
2760 1
2570 0
2378 1
2185 0
1990 1
1795 1
1598 0
1401 1
1202 1
1003 0
803 1
603 0
402 1
201 1
0 0
-201 1
-402 0
-603 1
-803 0
-1003 1
-1202 0
-1401 1
-1598 0
-1795 1
-1990 1
-2185 0
-2378 1
-2570 0
-2760 1
-2948 0
-3135 1
-3320 0
-3503 1
-3683 0
-3862 0
-4038 1
-4212 0
-4383 1
-4551 0
-4717 1
-4880 0
-5040 1
-5197 0
-5351 0
-5501 1
-5649 0
-5793 1
-5933 0
-6070 0
-6203 1
-6333 0
-6458 0
-6580 0
-6698 1
-6811 1
-6921 0
-7027 0
-7128 0
-7225 1
-7317 0
-7405 1
-7489 0
-7568 0
-7643 0
-7713 1
-7779 0
-7839 0
-7895 1
-7946 0
-7993 0
-8035 0
-8071 1
-8103 0
-8130 0
-8153 1
-8170 0
-8182 0
-8190 0
-8192 1
-8190 0
-8182 0
-8170 0
-8153 1
-8130 0
-8103 0
-8071 0
-8035 1
-7993 0
-7946 0
-7895 1
-7839 0
-7779 0
-7713 0
-7643 0
-7568 0
-7489 1
-7405 0
-7317 1
-7225 0
-7128 0
-7027 0
-6921 0
-6811 1
-6698 0
-6580 0
-6458 0
-6333 1
-6203 0
-6070 0
-5933 1
-5793 0
-5649 0
-5501 1
-5351 0
-5197 0
-5040 0
-4880 0
-4717 1
-4551 0
-4383 1
-4212 0
-4038 0
-3862 0
-3683 1
-3503 0
-3320 0
-3135 1
-2948 0
-2760 0
-2570 1
-2378 0
-2185 0
-1990 1
-1795 0
-1598 0
-1401 1
-1202 1
-1003 0
-803 0
-603 1
-402 0
-201 0
0 1
201 0
402 1
603 0
803 0
1003 1
1202 0
1401 1
1598 0
1795 1
1990 0
2185 1
2378 0
2570 1
2760 1
2948 0
3135 0
3320 1
3503 0
3683 1
3862 0
4038 1
4212 0
4383 1
4551 1
4717 0
4880 1
5040 0
5197 1
5351 0
5501 1
5649 1
5793 0
5933 1
6070 1
6203 0
6333 1
6458 1
6580 0
6698 1
6811 1
6921 0
7027 1
7128 0
7225 1
7317 1
7405 0
7489 1
7568 0
7643 1
7713 1
7779 1
7839 1
7895 0
7946 1
7993 1
8035 0
8071 1
8103 1
8130 1
8153 1
8170 0
8182 1
8190 0
8192 1
8190 1
8182 1
8170 1
8153 0
8130 1
8103 0
8071 1
8035 1
7993 1
7946 1
7895 1
7839 0
7779 1
7713 1
7643 0
7568 1
7489 1
7405 1
7317 0
7225 1
7128 1
7027 1
6921 0
6811 1
6698 1
6580 1
6458 0
6333 1
6203 1
6070 1
5933 0
5793 1
5649 1
5501 0
5351 1
5197 1
5040 1
4880 0
4717 1
4551 1
4383 1
4212 0
4038 1
3862 0
3683 1
3503 0
3320 1
3135 1
2948 1
2760 1
2570 0
2378 1
2185 0
1990 1
1795 1
1598 0
1401 1
1202 1
1003 0
803 1
603 0
402 1
201 1
0 0
-201 1
-402 0
-603 0
-803 1
-1003 1
-1202 1
-1401 0
-1598 0
-1795 1
-1990 1
-2185 0
-2378 1
-2570 0
-2760 0
-2948 1
-3135 1
-3320 0
-3503 0
-3683 1
-3862 1
-4038 0
-4212 0
-4383 1
-4551 0
-4717 1
-4880 0
-5040 0
-5197 1
-5351 0
-5501 1
-5649 0
-5793 1
-5933 0
-6070 0
-6203 1
-6333 0
-6458 1
-6580 0
-6698 0
-6811 0
-6921 0
-7027 1
-7128 0
-7225 1
-7317 0
-7405 0
-7489 1
-7568 0
-7643 0
-7713 1
-7779 0
-7839 1
-7895 0
-7946 0
-7993 0
-8035 0
-8071 0
-8103 1
-8130 0
-8153 1
-8170 0
-8182 0
-8190 0
-8192 1
-8190 0
-8182 0
-8170 0
-8153 1
-8130 0
-8103 0
-8071 0
-8035 1
-7993 0
-7946 0
-7895 0
-7839 1
-7779 0
-7713 0
-7643 0
-7568 1
-7489 0
-7405 0
-7317 0
-7225 0
-7128 1
-7027 0
-6921 1
-6811 0
-6698 0
-6580 0
-6458 0
-6333 1
-6203 0
-6070 0
-5933 1
-5793 0
-5649 0
-5501 1
-5351 0
-5197 0
-5040 0
-4880 0
-4717 0
-4551 1
-4383 0
-4212 1
-4038 0
-3862 1
-3683 0
-3503 0
-3320 0
-3135 1
-2948 0
-2760 0
-2570 0
-2378 1
-2185 1
-1990 0
-1795 0
-1598 0
-1401 1
-1202 0
-1003 1
-803 0
-603 1
-402 0
-201 1
0 0
201 0
402 0
603 1
803 0
1003 1
1202 0
1401 1
1598 0
1795 1
1990 0
2185 1
2378 0
2570 1
2760 0
2948 1
3135 0
3320 1
3503 0
3683 1
3862 0
4038 1
4212 0
4383 1
4551 1
4717 0
4880 1
5040 0
5197 1
5351 0
5501 1
5649 1
5793 1
5933 0
6070 0
6203 1
6333 1
6458 1
6580 0
6698 1
6811 0
6921 1
7027 1
7128 0
7225 1
7317 0
7405 1
7489 1
7568 1
7643 0
7713 1
7779 1
7839 1
7895 0
7946 1
7993 1
8035 1
8071 0
8103 1
8130 1
8153 0
8170 1
8182 0
8190 1
8192 1
8190 1
8182 1
8170 0
8153 1
8130 1
8103 1
8071 1
8035 0
7993 1
7946 1
7895 0
7839 1
7779 1
7713 0
7643 1
7568 1
7489 1
7405 1
7317 1
7225 0
7128 1
7027 1
6921 0
6811 1
6698 1
6580 0
6458 1
6333 1
6203 1
6070 1
5933 0
5793 1
5649 1
5501 1
5351 0
5197 1
5040 0
4880 1
4717 1
4551 1
4383 0
4212 1
4038 0
3862 1
3683 1
3503 1
3320 1
3135 0
2948 1
2760 1
2570 0
2378 1
2185 0
1990 1
1795 0
1598 1
1401 1
1202 1
1003 0
803 1
603 0
402 1
201 0
0 1
-201 1
-402 0
-603 1
-803 0
-1003 1
-1202 0
-1401 1
-1598 0
-1795 1
-1990 1
-2185 0
-2378 1
-2570 0
-2760 1
-2948 0
-3135 0
-3320 1
-3503 1
-3683 0
-3862 0
-4038 1
-4212 0
-4383 1
-4551 0
-4717 0
-4880 1
-5040 1
-5197 0
-5351 0
-5501 1
-5649 0
-5793 0
-5933 1
-6070 0
-6203 1
-6333 0
-6458 0
-6580 1
-6698 0
-6811 0
-6921 1
-7027 0
-7128 0
-7225 1
-7317 0
-7405 0
-7489 1
-7568 0
-7643 1
-7713 0
-7779 0
-7839 0
-7895 0
-7946 1
-7993 0
-8035 0
-8071 1
-8103 0
-8130 0
-8153 0
-8170 1
-8182 0
-8190 0
-8192 1
-8190 0
-8182 0
-8170 0
-8153 0
-8130 1
-8103 0
-8071 0
-8035 1
-7993 0
-7946 0
-7895 1
-7839 0
-7779 0
-7713 0
-7643 0
-7568 0
-7489 1
-7405 0
-7317 0
-7225 1
-7128 0
-7027 0
-6921 0
-6811 1
-6698 0
-6580 0
-6458 1
-6333 0
-6203 0
-6070 0
-5933 0
-5793 0
-5649 1
-5501 0
-5351 1
-5197 0
-5040 0
-4880 0
-4717 1
-4551 0
-4383 1
-4212 0
-4038 0
-3862 0
-3683 1
-3503 0
-3320 0
-3135 1
-2948 0
-2760 0
-2570 1
-2378 0
-2185 0
-1990 1
-1795 0
-1598 0
-1401 1
-1202 0
-1003 1
-803 0
-603 0
-402 1
-201 0
0 1
201 0
402 1
603 0
803 0
1003 1
1202 0
1401 1
1598 0
1795 1
1990 0
2185 1
2378 0
2570 1
2760 0
2948 1
3135 0
3320 0
3503 1
3683 1
3862 0
4038 1
4212 1
4383 0
4551 0
4717 1
4880 1
5040 0
5197 1
5351 1
5501 0
5649 1
5793 0
5933 1
6070 0
6203 1
6333 1
6458 0
6580 1
6698 0
6811 1
6921 1
7027 1
7128 1
7225 0
7317 1
7405 0
7489 1
7568 1
7643 0
7713 1
7779 1
7839 0
7895 1
7946 1
7993 1
8035 0
8071 1
8103 1
8130 1
8153 0
8170 1
8182 1
8190 0
8192 1
8190 1
8182 1
8170 0
8153 1
8130 1
8103 1
8071 0
8035 1
7993 1
7946 0
7895 1
7839 1
7779 1
7713 1
7643 0
7568 1
7489 1
7405 1
7317 0
7225 1
7128 1
7027 1
6921 1
6811 0
6698 1
6580 0
6458 1
6333 1
6203 1
6070 0
5933 1
5793 1
5649 1
5501 0
5351 1
5197 1
5040 1
4880 0
4717 1
4551 0
4383 1
4212 1
4038 1
3862 0
3683 1
3503 1
3320 1
3135 0
2948 1
2760 0
2570 1
2378 1
2185 0
1990 1
1795 0
1598 1
1401 1
1202 1
1003 0
803 1
603 0
402 1
201 0
0 1
-201 0
-402 1
-603 1
-803 0
-1003 1
-1202 0
-1401 1
-1598 1
-1795 0
-1990 1
-2185 0
-2378 0
-2570 1
-2760 1
-2948 0
-3135 0
-3320 1
-3503 0
-3683 1
-3862 1
-4038 0
-4212 0
-4383 1
-4551 0
-4717 0
-4880 1
-5040 0
-5197 1
-5351 0
-5501 1
-5649 0
-5793 0
-5933 1
-6070 0
-6203 1
-6333 0
-6458 0
-6580 1
-6698 0
-6811 1
-6921 0
-7027 0
-7128 0
-7225 0
-7317 1
-7405 0
-7489 1
-7568 0
-7643 0
-7713 0
-7779 1
-7839 0
-7895 1
-7946 0
-7993 0
-8035 0
-8071 1
-8103 0
-8130 0
-8153 0
-8170 1
-8182 0
-8190 0
-8192 1
-8190 0
-8182 0
-8170 0
-8153 1
-8130 0
-8103 0
-8071 0
-8035 0
-7993 1
-7946 0
-7895 0
-7839 0
-7779 1
-7713 0
-7643 0
-7568 1
-7489 0
-7405 0
-7317 0
-7225 1
-7128 0
-7027 0
-6921 0
-6811 1
-6698 0
-6580 0
-6458 1
-6333 0
-6203 0
-6070 0
-5933 0
-5793 0
-5649 1
-5501 0
-5351 0
-5197 1
-5040 0
-4880 0
-4717 1
-4551 0
-4383 1
-4212 0
-4038 0
-3862 0
-3683 1
-3503 0
-3320 0
-3135 1
-2948 0
-2760 0
-2570 1
-2378 0
-2185 0
-1990 0
-1795 1
-1598 0
-1401 1
-1202 0
-1003 1
-803 0
-603 1
-402 0
-201 0
0 1
201 0
402 0
603 1
803 0
1003 1
1202 0
1401 1
1598 0
1795 1
1990 0
2185 1
2378 0
2570 0
2760 1
2948 1
3135 0
3320 0
3503 1
3683 1
3862 0
4038 1
4212 1
4383 0
4551 1
4717 0
4880 1
5040 0
5197 1
5351 0
5501 1
5649 0
5793 1
5933 1
6070 1
6203 0
6333 1
6458 0
6580 1
6698 0
6811 1
6921 1
7027 1
7128 0
7225 1
7317 1
7405 0
7489 1
7568 1
7643 0
7713 1
7779 1
7839 0
7895 1
7946 1
7993 1
8035 0
8071 1
8103 1
8130 0
8153 1
8170 1
8182 1
8190 1
8192 0
8190 1
8182 1
8170 0
8153 1
8130 1
8103 0
8071 1
8035 1
7993 1
7946 0
7895 1
7839 1
7779 1
7713 1
7643 0
7568 1
7489 1
7405 1
7317 0
7225 1
7128 1
7027 0
6921 1
6811 1
6698 1
6580 1
6458 1
6333 0
6203 1
6070 0
5933 1
5793 1
5649 1
5501 0
5351 1
5197 0
5040 1
4880 1
4717 1
4551 1
4383 0
4212 1
4038 1
3862 0
3683 1
3503 1
3320 0
3135 1
2948 1
2760 0
2570 1
2378 1
2185 0
1990 1
1795 0
1598 1
1401 1
1202 1
1003 0
803 1
603 0
402 1
201 0
0 1
-201 1
-402 0
-603 0
-803 1
-1003 1
-1202 0
-1401 1
-1598 0
-1795 1
-1990 1
-2185 0
-2378 0
-2570 1
-2760 1
-2948 0
-3135 0
-3320 1
-3503 1
-3683 0
-3862 0
-4038 1
-4212 0
-4383 0
-4551 1
-4717 0
-4880 1
-5040 1
-5197 0
-5351 0
-5501 1
-5649 0
-5793 0
-5933 1
-6070 0
-6203 0
-6333 1
-6458 0
-6580 1
-6698 0
-6811 0
-6921 1
-7027 0
-7128 0
-7225 1
-7317 0
-7405 0
-7489 1
-7568 0
-7643 0
-7713 1
-7779 0
-7839 0
-7895 0
-7946 1
-7993 0
-8035 0
-8071 0
-8103 1
-8130 0
-8153 0
-8170 1
-8182 0
-8190 0
-8192 1
-8190 0
-8182 0
-8170 0
-8153 0
-8130 1
-8103 0
-8071 0
-8035 0
-7993 1
-7946 0
-7895 0
-7839 1
-7779 0
-7713 0
-7643 0
-7568 1
-7489 0
-7405 0
-7317 0
-7225 1
-7128 0
-7027 0
-6921 0
-6811 0
-6698 1
-6580 0
-6458 0
-6333 0
-6203 1
-6070 0
-5933 0
-5793 1
-5649 0
-5501 0
-5351 1
-5197 0
-5040 0
-4880 1
-4717 0
-4551 0
-4383 0
-4212 1
-4038 0
-3862 0
-3683 0
-3503 1
-3320 0
-3135 0
-2948 1
-2760 0
-2570 1
-2378 0
-2185 0
-1990 1
-1795 0
-1598 0
-1401 1
-1202 0
-1003 0
-803 1
-603 1
-402 0
-201 0
0 1
201 0
402 0
603 1
803 0
1003 1
1202 0
1401 1
1598 0
1795 1
1990 0
2185 1
2378 0
2570 0
2760 1
2948 1
3135 0
3320 0
3503 1
3683 1
3862 0
4038 1
4212 0
4383 1
4551 1
4717 0
4880 0
5040 1
5197 1
5351 0
5501 1
5649 1
5793 0
5933 1
6070 1
6203 0
6333 1
6458 0
6580 1
6698 0
6811 1
6921 1
7027 0
7128 1
7225 1
7317 1
7405 0
7489 1
7568 1
7643 0
7713 1
7779 1
7839 0
7895 1
7946 1
7993 1
8035 0
8071 1
8103 1
8130 0
8153 1
8170 1
8182 1
8190 0
8192 1
8190 1
8182 1
8170 0
8153 1
8130 1
8103 0
8071 1
8035 1
7993 1
7946 0
7895 1
7839 1
7779 1
7713 0
7643 1
7568 1
7489 1
7405 1
7317 1
7225 0
7128 1
7027 1
6921 0
6811 1
6698 1
6580 0
6458 1
6333 1
6203 0
6070 1
5933 1
5793 1
5649 1
5501 0
5351 1
5197 1
5040 0
4880 1
4717 1
4551 1
4383 0
4212 1
4038 0
3862 1
3683 1
3503 1
3320 0
3135 1
2948 1
2760 1
2570 0
2378 1
2185 0
1990 1
1795 0
1598 1
1401 0
1202 1
1003 1
803 1
603 0
402 1
201 0
0 1
-201 1
-402 0
-603 1
-803 0
-1003 1
-1202 0
-1401 1
-1598 0
-1795 1
-1990 0
-2185 1
-2378 0
-2570 1
-2760 0
-2948 1
-3135 0
-3320 1
-3503 1
-3683 0
-3862 0
-4038 1
-4212 0
-4383 1
-4551 0
-4717 1
-4880 0
-5040 0
-5197 1
-5351 0
-5501 1
-5649 0
-5793 0
-5933 0
-6070 1
-6203 0
-6333 1
-6458 0
-6580 1
-6698 0
-6811 0
-6921 0
-7027 1
-7128 0
-7225 1
-7317 0
-7405 1
-7489 0
-7568 0
-7643 0
-7713 0
-7779 1
-7839 0
-7895 0
-7946 1
-7993 0
-8035 0
-8071 0
-8103 1
-8130 0
-8153 0
-8170 1
-8182 0
-8190 0
-8192 1
-8190 0
-8182 0
-8170 0
-8153 0
-8130 1
-8103 0
-8071 0
-8035 0
-7993 1
-7946 0
-7895 0
-7839 0
-7779 1
-7713 0
-7643 0
-7568 1
-7489 0
-7405 0
-7317 0
-7225 0
-7128 1
-7027 0
-6921 0
-6811 1
-6698 0
-6580 0
-6458 0
-6333 0
-6203 1
-6070 0
-5933 0
-5793 1
-5649 0
-5501 0
-5351 1
-5197 0
-5040 0
-4880 0
-4717 0
-4551 1
-4383 0
-4212 1
-4038 0
-3862 0
-3683 1
-3503 0
-3320 0
-3135 0
-2948 1
-2760 0
-2570 1
-2378 0
-2185 0
-1990 1
-1795 0
-1598 0
-1401 1
-1202 0
-1003 0
-803 1
-603 0
-402 1
-201 0
0 1
201 0
402 0
603 1
803 0
1003 1
1202 0
1401 0
1598 1
1795 1
1990 0
2185 1
2378 0
2570 1
2760 0
2948 0
3135 1
3320 1
3503 0
3683 1
3862 0
4038 0
4212 1
4383 1
4551 1
4717 0
4880 0
5040 1
5197 1
5351 0
5501 1
5649 1
5793 0
5933 1
6070 1
6203 0
6333 0
6458 1
6580 1
6698 1
6811 0
6921 1
7027 0
7128 1
7225 1
7317 0
7405 1
7489 1
7568 0
7643 1
7713 1
7779 1
7839 1
7895 0
7946 1
7993 1
8035 0
8071 1
8103 1
8130 0
8153 1
8170 1
8182 0
8190 1
8192 1
8190 1
8182 1
8170 0
8153 1
8130 1
8103 0
8071 1
8035 1
7993 1
7946 1
7895 0
7839 1
7779 1
7713 0
7643 1
7568 1
7489 0
7405 1
7317 1
7225 1
7128 1
7027 1
6921 1
6811 0
6698 1
6580 0
6458 1
6333 1
6203 1
6070 0
5933 1
5793 1
5649 0
5501 1
5351 1
5197 1
5040 0
4880 1
4717 1
4551 0
4383 1
4212 1
4038 1
3862 0
3683 1
3503 1
3320 0
3135 1
2948 1
2760 0
2570 1
2378 0
2185 1
1990 1
1795 1
1598 0
1401 1
1202 0
1003 1
803 0
603 1
402 1
201 0
0 1
-201 0
-402 1
-603 1
-803 0
-1003 1
-1202 0
-1401 1
-1598 0
-1795 1
-1990 0
-2185 1
-2378 0
-2570 1
-2760 1
-2948 0
-3135 0
-3320 1
-3503 0
-3683 1
-3862 1
-4038 0
-4212 0
-4383 0
-4551 1
-4717 0
-4880 1
-5040 0
-5197 1
-5351 0
-5501 0
-5649 1
-5793 0
-5933 1
-6070 0
-6203 0
-6333 1
-6458 0
-6580 1
-6698 0
-6811 0
-6921 1
-7027 0
-7128 0
-7225 1
-7317 0
-7405 0
-7489 0
-7568 1
-7643 0
-7713 0
-7779 1
-7839 0
-7895 0
-7946 1
-7993 0
-8035 0
-8071 1
-8103 0
-8130 0
-8153 0
-8170 1
-8182 0
-8190 0
-8192 0
-8190 0
-8182 1
-8170 0
-8153 0
-8130 1
-8103 0
-8071 0
-8035 0
-7993 1
-7946 0
-7895 0
-7839 1
-7779 0
-7713 0
-7643 0
-7568 0
-7489 1
-7405 0
-7317 0
-7225 1
-7128 0
-7027 0
-6921 0
-6811 0
-6698 0
-6580 1
-6458 0
-6333 1
-6203 0
-6070 0
-5933 0
-5793 0
-5649 1
-5501 0
-5351 1
-5197 0
-5040 0
-4880 0
-4717 1
-4551 0
-4383 0
-4212 0
-4038 1
-3862 0
-3683 0
-3503 1
-3320 0
-3135 1
-2948 0
-2760 0
-2570 1
-2378 0
-2185 0
-1990 1
-1795 0
-1598 0
-1401 0
-1202 1
-1003 0
-803 1
-603 0
-402 1
-201 0
0 1
201 0
402 0
603 1
803 0
1003 1
1202 0
1401 1
1598 0
1795 0
1990 1
2185 0
2378 1
2570 1
2760 0
2948 1
3135 0
3320 0
3503 1
3683 1
3862 0
4038 1
4212 0
4383 1
4551 0
4717 1
4880 0
5040 1
5197 1
5351 0
5501 1
5649 0
5793 1
5933 1
6070 0
6203 1
6333 1
6458 1
6580 0
6698 1
6811 0
6921 1
7027 0
7128 1
7225 0
7317 1
7405 1
7489 1
7568 1
7643 0
7713 1
7779 1
7839 0
7895 1
7946 1
7993 0
8035 1
8071 1
8103 1
8130 0
8153 1
8170 1
8182 1
8190 0
8192 1
8190 1
8182 0
8170 1
8153 1
8130 1
8103 0
8071 1
8035 1
7993 1
7946 0
7895 1
7839 1
7779 1
7713 1
7643 0
7568 1
7489 1
7405 0
7317 1
7225 1
7128 1
7027 0
6921 1
6811 1
6698 1
6580 0
6458 1
6333 1
6203 0
6070 1
5933 1
5793 1
5649 1
5501 0
5351 1
5197 1
5040 0
4880 1
4717 1
4551 0
4383 1
4212 1
4038 1
3862 0
3683 1
3503 0
3320 1
3135 1
2948 1
2760 0
2570 1
2378 1
2185 0
1990 1
1795 0
1598 1
1401 0
1202 1
1003 1
803 1
603 0
402 1
201 0
0 1
-201 0
-402 1
-603 0
-803 1
-1003 1
-1202 0
-1401 1
-1598 0
-1795 1
-1990 1
-2185 0
-2378 0
-2570 1
-2760 0
-2948 1
-3135 0
-3320 1
-3503 0
-3683 1
-3862 0
-4038 1
-4212 0
-4383 1
-4551 0
-4717 0
-4880 1
-5040 0
-5197 0
-5351 1
-5501 0
-5649 1
-5793 0
-5933 1
-6070 0
-6203 0
-6333 1
-6458 0
-6580 1
-6698 0
-6811 0
-6921 1
-7027 0
-7128 0
-7225 1
-7317 0
-7405 0
-7489 0
-7568 1
-7643 0
-7713 0
-7779 1
-7839 0
-7895 0
-7946 0
-7993 1
-8035 0
-8071 1
-8103 0
-8130 0
-8153 0
-8170 0
-8182 1
-8190 0
-8192 0
-8190 1
-8182 0
-8170 0
-8153 0
-8130 1
-8103 0
-8071 0
-8035 0
-7993 1
-7946 0
-7895 0
-7839 0
-7779 1
-7713 0
-7643 0
-7568 1
-7489 0
-7405 0
-7317 0
-7225 0
-7128 0
-7027 1
-6921 0
-6811 0
-6698 1
-6580 0
-6458 0
-6333 0
-6203 1
-6070 0
-5933 0
-5793 1
-5649 0
-5501 0
-5351 1
-5197 0
-5040 0
-4880 0
-4717 0
-4551 1
-4383 0
-4212 0
-4038 1
-3862 0
-3683 1
-3503 0
-3320 0
-3135 0
-2948 1
-2760 0
-2570 0
-2378 1
-2185 0
-1990 0
-1795 1
-1598 0
-1401 1
-1202 0
-1003 1
-803 0
-603 0
-402 1
-201 0
0 1
201 0
402 0
603 0
803 1
1003 1
1202 0
1401 0
1598 1
1795 1
1990 0
2185 0
2378 1
2570 0
2760 1
2948 1
3135 0
3320 1
3503 0
3683 0
3862 1
4038 1
4212 0
4383 1
4551 0
4717 1
4880 1
5040 0
5197 0
5351 1
5501 1
5649 0
5793 1
5933 1
6070 0
6203 1
6333 1
6458 0
6580 1
6698 1
6811 0
6921 1
7027 0
7128 1
7225 1
7317 0
7405 1
7489 1
7568 0
7643 1
7713 1
7779 0
7839 1
7895 1
7946 1
7993 1
8035 0
8071 1
8103 1
8130 0
8153 1
8170 1
8182 0
8190 1
8192 1
8190 1
8182 0
8170 1
8153 1
8130 1
8103 1
8071 0
8035 1
7993 1
7946 0
7895 1
7839 1
7779 0
7713 1
7643 1
7568 1
7489 1
7405 0
7317 1
7225 1
7128 1
7027 0
6921 1
6811 1
6698 1
6580 0
6458 1
6333 1
6203 1
6070 0
5933 1
5793 1
5649 0
5501 1
5351 1
5197 1
5040 0
4880 1
4717 1
4551 0
4383 1
4212 1
4038 0
3862 1
3683 1
3503 0
3320 1
3135 1
2948 1
2760 0
2570 1
2378 1
2185 0
1990 1
1795 0
1598 1
1401 1
1202 0
1003 1
803 0
603 1
402 0
201 1
0 1
-201 0
-402 1
-603 1
-803 0
-1003 1
-1202 0
-1401 1
-1598 0
-1795 1
-1990 0
-2185 1
-2378 0
-2570 1
-2760 0
-2948 1
-3135 0
-3320 1
-3503 0
-3683 0
-3862 1
-4038 1
-4212 0
-4383 1
-4551 0
-4717 0
-4880 1
-5040 0
-5197 1
-5351 0
-5501 1
-5649 0
-5793 0
-5933 0
-6070 1
-6203 0
-6333 1
-6458 0
-6580 0
-6698 1
-6811 0
-6921 0
-7027 1
-7128 0
-7225 1
-7317 0
-7405 0
-7489 0
-7568 1
-7643 0
-7713 0
-7779 1
-7839 0
-7895 0
-7946 1
-7993 0
-8035 0
-8071 1
-8103 0
-8130 0
-8153 0
-8170 0
-8182 0
-8190 1
-8192 0
-8190 0
-8182 1
-8170 0
-8153 1
-8130 0
-8103 0
-8071 0
-8035 0
-7993 1
-7946 0
-7895 0
-7839 0
-7779 0
-7713 1
-7643 0
-7568 0
-7489 1
-7405 0
-7317 0
-7225 1
-7128 0
-7027 0
-6921 0
-6811 0
-6698 0
-6580 1
-6458 0
-6333 0
-6203 1
-6070 0
-5933 0
-5793 0
-5649 1
-5501 0
-5351 1
-5197 0
-5040 0
-4880 0
-4717 0
-4551 1
-4383 0
-4212 1
-4038 0
-3862 0
-3683 0
-3503 1
-3320 0
-3135 0
-2948 1
-2760 0
-2570 0
-2378 1
-2185 0
-1990 0
-1795 1
-1598 0
-1401 0
-1202 1
-1003 1
-803 0
-603 0
-402 1
-201 0
0 0
201 1
402 0
603 1
803 0
1003 1
1202 0
1401 1
1598 0
1795 1
1990 0
2185 0
2378 1
2570 0
2760 1
2948 0
3135 0
3320 1
3503 1
3683 1
3862 0
4038 1
4212 0
4383 1
4551 0
4717 1
4880 0
5040 1
5197 1
5351 0
5501 1
5649 0
5793 1
5933 1
6070 0
6203 1
6333 1
6458 0
6580 1
6698 1
6811 0
6921 1
7027 0
7128 1
7225 0
7317 1
7405 1
7489 1
7568 0
7643 1
7713 1
7779 0
7839 1
7895 1
7946 1
7993 1
8035 0
8071 1
8103 0
8130 1
8153 1
8170 1
8182 1
8190 0
8192 1
8190 1
8182 0
8170 1
8153 1
8130 1
8103 0
8071 1
8035 1
7993 0
7946 1
7895 1
7839 1
7779 1
7713 0
7643 1
7568 1
7489 1
7405 0
7317 1
7225 1
7128 1
7027 0
6921 1
6811 1
6698 0
6580 1
6458 1
6333 1
6203 1
6070 0
5933 1
5793 1
5649 0
5501 1
5351 1
5197 1
5040 0
4880 1
4717 1
4551 0
4383 1
4212 0
4038 1
3862 1
3683 1
3503 1
3320 0
3135 1
2948 1
2760 0
2570 1
2378 0
2185 1
1990 0
1795 1
1598 1
1401 1
1202 0
1003 1
803 1
603 0
402 1
201 0
0 1
-201 0
-402 1
-603 0
-803 1
-1003 0
-1202 1
-1401 0
-1598 1
-1795 1
-1990 0
-2185 1
-2378 1
-2570 0
-2760 0
-2948 1
-3135 0
-3320 1
-3503 0
-3683 1
-3862 0
-4038 1
-4212 0
-4383 0
-4551 1
-4717 0
-4880 1
-5040 0
-5197 0
-5351 1
-5501 0
-5649 1
-5793 0
-5933 1
-6070 0
-6203 0
-6333 1
-6458 0
-6580 0
-6698 1
-6811 0
-6921 0
-7027 1
-7128 0
-7225 0
-7317 1
-7405 0
-7489 1
-7568 0
-7643 0
-7713 0
-7779 1
-7839 0
-7895 0
-7946 1
-7993 0
-8035 0
-8071 0
-8103 0
-8130 1
-8153 0
-8170 0
-8182 1
-8190 0
-8192 0
-8190 0
-8182 1
-8170 0
-8153 0
-8130 1
-8103 0
-8071 0
-8035 1
-7993 0
-7946 0
-7895 0
-7839 0
-7779 0
-7713 1
-7643 0
-7568 0
-7489 0
-7405 1
-7317 0
-7225 0
-7128 1
-7027 0
-6921 0
-6811 0
-6698 1
-6580 0
-6458 0
-6333 0
-6203 0
-6070 1
-5933 0
-5793 1
-5649 0
-5501 0
-5351 0
-5197 1
-5040 0
-4880 0
-4717 1
-4551 0
-4383 0
-4212 0
-4038 1
-3862 0
-3683 0
-3503 1
-3320 0
-3135 0
-2948 0
-2760 1
-2570 0
-2378 1
-2185 0
-1990 0
-1795 1
-1598 0
-1401 1
-1202 0
-1003 1
-803 0
-603 0
-402 0
-201 1
0 1
201 0
402 0
603 0
803 1
1003 1
1202 0
1401 0
1598 1
1795 0
1990 1
2185 0
2378 1
2570 1
2760 0
2948 0
3135 1
3320 1
3503 0
3683 0
3862 1
4038 0
4212 1
4383 1
4551 0
4717 1
4880 1
5040 0
5197 0
5351 1
5501 1
5649 0
5793 1
5933 1
6070 0
6203 1
6333 0
6458 1
6580 1
6698 0
6811 1
6921 1
7027 0
7128 1
7225 1
7317 0
7405 1
7489 1
7568 0
7643 1
7713 1
7779 1
7839 0
7895 1
7946 1
7993 0
8035 1
8071 1
8103 0
8130 1
8153 1
8170 1
8182 0
8190 1
8192 1
8190 0
8182 1
8170 1
8153 1
8130 1
8103 1
8071 0
8035 1
7993 1
7946 0
7895 1
7839 1
7779 0
7713 1
7643 1
7568 1
7489 0
7405 1
7317 1
7225 1
7128 0
7027 1
6921 1
6811 1
6698 1
6580 1
6458 0
6333 1
6203 1
6070 0
5933 1
5793 0
5649 1
5501 1
5351 1
5197 1
5040 0
4880 1
4717 0
4551 1
4383 1
4212 1
4038 0
3862 1
3683 1
3503 0
3320 1
3135 1
2948 0
2760 1
2570 1
2378 0
2185 1
1990 1
1795 1
1598 0
1401 1
1202 0
1003 1
803 0
603 1
402 0
201 1
0 1
-201 0
-402 1
-603 0
-803 1
-1003 0
-1202 1
-1401 1
-1598 0
-1795 1
-1990 0
-2185 1
-2378 0
-2570 1
-2760 0
-2948 1
-3135 0
-3320 1
-3503 0
-3683 1
-3862 0
-4038 0
-4212 1
-4383 0
-4551 1
-4717 0
-4880 1
-5040 0
-5197 0
-5351 1
-5501 0
-5649 1
-5793 0
-5933 1
-6070 0
-6203 0
-6333 1
-6458 0
-6580 1
-6698 0
-6811 0
-6921 0
-7027 1
-7128 0
-7225 0
-7317 0
-7405 1
-7489 0
-7568 1
-7643 0
-7713 0
-7779 0
-7839 1
-7895 0
-7946 1
-7993 0
-8035 0
-8071 1
-8103 0
-8130 0
-8153 0
-8170 0
-8182 0
-8190 1
-8192 0
-8190 0
-8182 1
-8170 0
-8153 0
-8130 1
-8103 0
-8071 0
-8035 0
-7993 1
-7946 0
-7895 0
-7839 0
-7779 0
-7713 1
-7643 0
-7568 0
-7489 1
-7405 0
-7317 0
-7225 0
-7128 0
-7027 0
-6921 1
-6811 0
-6698 1
-6580 0
-6458 0
-6333 0
-6203 1
-6070 0
-5933 0
-5793 1
-5649 0
-5501 0
-5351 0
-5197 1
-5040 0
-4880 0
-4717 0
-4551 1
-4383 0
-4212 0
-4038 0
-3862 1
-3683 0
-3503 1
-3320 0
-3135 0
-2948 1
-2760 0
-2570 0
-2378 1
-2185 0
-1990 0
-1795 1
-1598 0
-1401 1
-1202 0
-1003 0
-803 1
-603 0
-402 0
-201 1
