0 1
0 0
0 0
0 1
0 0
0 1
0 1
0 0
0 0
0 1
0 1
0 0
0 1
0 0
0 0
0 1
0 1
0 0
0 0
0 1
0 0
0 1
0 1
0 0
0 0
0 1
0 1
0 0
0 1
0 0
0 0
0 1
0 1
0 0
0 0
0 1
0 0
0 1
0 1
0 0
0 0
0 1
0 1
0 0
0 1
0 0
0 0
0 1
0 0
0 1
0 1
0 0
0 0
0 1
0 1
0 0
0 1
0 0
0 0
0 1
0 1
0 0
0 0
0 1
0 0
0 1
0 1
0 0
0 0
0 1
0 1
0 0
0 0
0 1
0 1
0 0
0 1
0 0
0 0
0 1
0 0
0 1
0 1
0 0
0 1
0 0
0 0
0 1
0 0
0 1
0 1
0 0
0 0
0 1
0 1
0 0
0 0
0 1
0 1
0 0
0 1
0 0
0 0
0 1
0 0
0 1
0 1
0 0
0 0
0 1
0 1
0 0
0 1
0 0
0 0
0 1
0 0
0 1
0 1
0 0
0 0
0 1
0 1
0 0
0 0
0 1
0 1
0 0
0 0
0 1
0 1
0 0
0 1
1 0
1 0
1 1
2 0
2 1
2 1
3 0
3 0
4 1
4 1
5 0
5 0
6 1
6 1
7 0
8 0
8 1
9 1
9 0
10 1
11 0
11 0
12 1
13 0
13 1
14 1
15 0
15 0
16 1
16 1
17 0
18 0
18 1
19 1
19 0
19 0
20 1
20 1
20 0
21 0
21 1
21 1
21 0
21 0
21 1
21 1
21 0
21 0
20 1
20 1
20 0
19 1
18 0
18 0
17 1
16 0
15 1
14 1
13 0
12 0
11 1
10 1
8 0
7 1
5 0
3 0
2 1
0 0
-2 1
-4 1
-7 0
-9 0
-11 1
-14 1
-16 0
-19 1
-22 0
-24 0
-27 1
-30 1
-34 0
-37 0
-40 1
-43 0
-47 1
-50 1
-54 0
-58 1
-62 0
-65 0
-69 1
-73 1
-78 0
-82 0
-86 1
-90 1
-95 0
-99 0
-103 1
-108 1
-112 0
-117 0
-122 1
-126 1
-131 0
-136 0
-141 1
-145 1
-150 0
-155 0
-160 1
-164 0
-169 1
-174 1
-179 0
-184 0
-188 1
-193 0
-198 1
-203 1
-207 0
-212 0
-216 1
-221 1
-225 0
-230 0
-234 1
-238 0
-243 1
-247 1
-251 0
-255 0
-259 1
-262 0
-266 1
-270 0
-273 1
-277 0
-281 1
-284 1
-288 0
-291 0
-295 1
-298 0
-301 1
-305 0
-308 0
-311 1
-314 1
-318 0
-321 1
-324 0
-327 1
-330 0
-333 1
-336 0
-338 1
-341 0
-344 1
-347 0
-349 1
-352 0
-354 1
-357 0
-359 1
-361 0
-364 1
-366 0
-368 0
-370 1
-372 0
-374 1
-376 0
-378 1
-380 0
-381 1
-383 1
-385 0
-386 1
-388 0
-389 0
-390 1
-392 0
-393 1
-394 1
-395 0
-396 0
-397 1
-397 0
-398 1
-399 1
-399 0
-400 0
-400 1
-400 0
-401 0
-401 1
-401 1
-401 0
-401 1
-400 0
-400 1
-400 0
-399 1
-399 0
-398 1
-398 0
-397 0
-396 1
-395 1
-394 0
-393 0
-392 1
-390 1
-389 0
-387 0
-386 1
-384 1
-382 0
-380 1
-378 0
-376 0
-374 1
-372 0
-370 1
-367 0
-365 1
-362 1
-360 0
-357 0
-354 1
-351 0
-348 1
-345 0
-341 1
-338 0
-335 1
-331 0
-327 1
-324 0
-320 0
-316 1
-312 1
-308 0
-304 1
-299 0
-295 1
-291 0
-286 1
-281 0
-277 1
-272 0
-267 1
-262 0
-257 0
-252 1
-247 0
-242 1
-237 1
-232 0
-227 1
-222 0
-217 0
-211 1
-206 0
-201 1
-195 0
-190 1
-184 1
-178 0
-173 0
-167 1
-161 1
-155 0
-149 0
-143 1
-137 0
-131 1
-125 1
-119 0
-112 0
-106 1
-99 0
-93 1
-86 0
-79 1
-72 0
-65 1
-58 0
-51 1
-44 0
-36 1
-29 0
-21 1
-13 0
-5 1
3 0
11 1
19 1
27 0
36 0
44 1
53 0
62 1
71 0
80 1
90 0
99 0
109 1
118 1
128 0
138 1
148 0
158 1
169 1
179 0
190 0
201 1
212 0
223 1
234 0
246 1
257 0
269 1
281 0
293 1
305 0
317 1
330 0
342 1
355 0
368 1
381 0
394 1
407 0
420 1
434 0
447 1
461 0
474 1
488 1
502 0
516 1
530 0
544 1
559 0
573 0
587 1
602 0
616 1
631 0
645 1
660 1
675 0
690 1
704 0
719 0
734 1
749 1
763 0
778 1
793 0
808 0
822 1
837 1
852 0
866 1
881 0
895 1
909 1
924 0
938 1
952 0
966 0
980 1
993 0
1007 1
1020 1
1034 0
1047 0
1060 1
1073 1
1085 0
1098 1
1110 0
1122 1
1134 0
1146 1
1157 0
1169 1
1180 0
1191 1
1201 1
1212 0
1222 0
1232 1
1242 1
1252 0
1262 1
1271 0
1281 1
1290 0
1299 1
1308 0
1316 1
1325 0
1333 1
1341 1
1349 0
1356 1
1363 0
1371 0
1377 1
1384 1
1391 0
1397 1
1403 0
1409 1
1414 0
1420 1
1425 1
1430 0
1434 1
1438 0
1443 1
1446 0
1450 1
1453 0
1456 0
1459 1
1462 1
1464 1
1466 0
1468 0
1469 1
1470 1
1471 0
1471 1
1472 1
1472 0
1471 0
1471 1
1470 0
1469 1
1467 1
1466 0
1463 0
1461 1
1458 1
1455 0
1452 1
1448 0
1444 1
1440 0
1435 1
1431 1
1425 0
1420 1
1414 0
1408 1
1401 0
1394 1
1387 0
1379 1
1371 0
1363 1
1355 0
1346 1
1337 1
1327 0
1317 1
1307 0
1296 1
1285 0
1274 1
1262 0
1250 1
1238 1
1225 0
1212 1
1199 0
1185 1
1171 0
1157 1
1142 0
1127 1
1111 0
1095 0
1079 1
1063 1
1046 1
1029 0
1011 0
993 1
975 1
956 0
937 1
918 0
898 1
878 1
858 0
837 0
816 1
795 1
773 0
751 0
728 1
706 0
682 1
659 1
635 0
611 1
587 0
562 1
537 0
511 1
485 0
459 1
433 0
406 1
379 0
351 1
324 1
296 0
267 0
239 1
210 1
180 0
151 0
121 1
91 1
60 0
29 1
-2 0
-33 1
-65 0
-97 0
-129 1
-162 1
-195 0
-228 1
-261 0
-295 1
-329 0
-363 0
-397 1
-432 1
-467 0
-502 1
-537 0
-573 1
-609 0
-645 1
-682 0
-718 1
-755 0
-792 1
-829 0
-867 0
-905 1
-943 1
-981 0
-1019 1
-1058 0
-1096 0
-1135 1
-1174 0
-1214 1
-1253 1
-1293 0
-1332 0
-1372 1
-1412 0
-1453 1
-1493 0
-1533 1
-1574 0
-1615 1
-1656 0
-1697 1
-1738 0
-1779 0
-1821 1
-1862 1
-1904 0
-1945 0
-1987 1
-2029 0
-2071 1
-2113 0
-2155 1
-2197 0
-2239 0
-2282 1
-2324 0
-2366 1
-2409 1
-2451 0
-2493 0
-2536 1
-2578 0
-2621 0
-2663 1
-2706 0
-2748 1
-2791 0
-2833 1
-2875 0
-2918 1
-2960 0
-3002 0
-3045 1
-3087 0
-3129 1
-3171 0
-3213 1
-3255 0
-3297 0
-3339 1
-3380 0
-3422 0
-3463 1
-3505 0
-3546 1
-3587 0
-3628 0
-3669 1
-3710 1
-3750 0
-3791 0
-3831 1
-3871 0
-3911 1
-3951 0
-3990 0
-4030 1
-4069 0
-4108 0
-4147 1
-4185 0
-4224 0
-4262 1
-4300 0
-4337 1
-4375 0
-4412 1
-4449 0
-4486 0
-4522 1
-4558 0
-4594 0
-4630 1
-4665 0
-4700 0
-4735 1
-4770 0
-4804 0
-4838 1
-4871 0
-4904 1
-4937 0
-4970 1
-5002 0
-5034 0
-5065 1
-5096 0
-5127 0
-5158 0
-5188 1
-5217 0
-5247 1
-5276 0
-5304 0
-5332 1
-5360 0
-5387 0
-5414 1
-5441 0
-5467 1
-5492 0
-5518 0
-5542 0
-5567 1
-5591 0
-5614 0
-5637 1
-5659 0
-5682 0
-5703 1
-5724 0
-5745 0
-5765 1
-5785 0
-5804 1
-5823 0
-5841 0
-5858 1
-5876 0
-5892 0
-5908 0
-5924 1
-5939 0
-5954 0
-5968 1
-5981 0
-5994 1
-6007 0
-6019 0
-6030 0
-6041 0
-6051 1
-6061 0
-6070 1
-6079 0
-6087 0
-6094 1
-6101 0
-6108 0
-6113 1
-6119 0
-6123 0
-6127 1
-6131 0
-6133 0
-6136 0
-6137 0
-6138 1
-6139 0
-6139 1
-6138 0
-6137 1
-6135 0
-6132 0
-6129 0
-6125 1
-6121 0
-6116 0
-6110 0
-6104 1
-6097 0
-6090 1
-6082 0
-6073 0
-6064 0
-6054 0
-6044 1
-6032 0
-6021 1
-6008 0
-5995 0
-5982 1
-5967 0
-5953 1
-5937 0
-5921 0
-5904 0
-5887 0
-5869 0
-5850 1
-5831 0
-5811 1
-5791 0
-5770 1
-5748 0
-5726 0
-5703 0
-5680 1
-5656 0
-5631 0
-5606 0
-5581 1
-5554 0
-5528 1
-5500 0
-5472 0
-5444 1
-5415 0
-5385 0
-5355 0
-5325 1
-5293 0
-5261 1
-5229 0
-5196 0
-5162 0
-5128 1
-5094 0
-5058 0
-5023 1
-4986 0
-4949 1
-4912 0
-4874 0
-4835 0
-4796 1
-4756 0
-4716 1
-4675 0
-4633 0
-4591 1
-4548 0
-4505 0
-4461 0
-4417 1
-4372 0
-4326 1
-4280 0
-4234 0
-4187 1
-4139 0
-4090 0
-4042 1
-3992 0
-3942 0
-3892 1
-3840 0
-3789 1
-3736 0
-3684 0
-3630 1
-3576 0
-3522 0
-3467 1
-3412 0
-3356 1
-3299 0
-3242 0
-3184 1
-3126 0
-3067 0
-3008 1
-2949 0
-2888 1
-2828 0
-2767 0
-2705 1
-2643 0
-2580 0
-2517 1
-2453 0
-2389 1
-2325 0
-2260 1
-2195 0
-2129 1
-2063 0
-1996 0
-1929 1
-1861 0
-1794 0
-1725 1
-1657 0
-1588 0
-1518 1
-1449 1
-1379 0
-1308 0
-1238 1
-1167 0
-1095 1
-1024 0
-952 1
-879 0
-807 1
-734 0
-661 0
-588 1
-515 0
-441 1
-368 1
-294 0
-219 0
-145 0
-71 1
4 1
79 0
153 0
228 1
303 0
378 1
453 1
529 0
604 0
679 1
754 0
830 1
905 0
980 1
1055 1
1130 0
1205 0
1280 1
1355 1
1430 0
1504 0
1579 1
1653 0
1727 1
1801 1
1875 0
1948 0
2022 1
2095 1
2168 0
2241 1
2313 0
2386 1
2458 0
2530 1
2602 0
2674 1
2745 1
2817 0
2888 1
2958 0
3029 1
3099 0
3169 1
3239 0
3308 1
3378 1
3446 0
3515 1
3583 0
3651 1
3719 1
3786 0
3853 1
3919 0
3986 1
4051 1
4117 0
4182 1
4247 0
4311 1
4375 0
4438 1
4501 0
4564 1
4626 1
4687 1
4749 0
4809 1
4870 0
4929 1
4989 1
5048 0
5106 1
5164 1
5221 0
5278 1
5334 1
5390 0
5445 1
5500 0
5554 1
5608 1
5661 0
5713 1
5765 0
5816 1
5867 1
5917 1
5967 0
6015 1
6064 1
6111 0
6159 1
6205 1
6251 1
6296 0
6341 0
6384 1
6428 1
6470 1
6512 0
6553 1
6594 1
6634 0
6673 1
6712 0
6750 1
6787 1
6823 1
6859 1
6894 0
6929 1
6962 1
6995 0
7028 1
7059 1
7090 1
7120 0
7150 1
7178 0
7206 1
7233 1
7260 1
7285 0
7310 1
7335 1
7358 0
7381 1
7403 1
7424 1
7444 0
7464 1
7483 1
7501 1
7519 0
7535 1
7551 0
7566 1
7581 1
7594 1
7607 1
7619 0
7630 1
7641 1
7651 0
7659 1
7667 1
7675 1
7681 1
7687 0
7692 1
7695 0
7699 1
7701 1
7702 1
7703 1
7703 0
7702 1
7701 0
7698 1
7695 1
7691 1
7686 1
7680 1
7674 0
7667 1
7659 1
7650 0
7641 1
7631 1
7620 0
7608 1
7596 1
7583 0
7569 1
7554 1
7539 1
7523 1
7507 1
7489 0
7472 1
7453 1
7434 0
7414 1
7393 1
7372 1
7350 0
7328 1
7305 0
7281 1
7257 1
7232 1
7207 1
7181 1
7154 0
7127 1
7100 0
7072 1
7043 1
7014 1
6984 0
6954 1
6923 1
6892 1
6860 0
6828 1
6795 1
6762 0
6729 1
6695 1
6661 1
6626 0
6591 1
6555 1
6519 1
6483 0
6446 1
6409 0
6371 1
6333 1
6295 1
6257 1
6218 0
6179 1
6139 1
6099 0
6059 1
6018 0
5978 1
5936 1
5895 1
5853 1
5811 0
5769 1
5727 0
5684 1
5641 1
5598 1
5554 0
5510 1
5467 0
5422 1
5378 1
5333 1
5288 1
5243 0
5198 1
5152 0
5107 1
5061 1
5015 0
4968 1
4922 1
4875 0
4828 1
4781 1
4734 1
4687 0
4639 1
4592 0
4544 1
4496 1
4447 0
4399 1
4351 0
4302 1
4253 1
4204 1
4155 0
4106 1
4057 1
4007 0
3957 1
3908 0
3858 1
3808 1
3758 1
3707 0
3657 1
3607 0
3556 1
3505 0
3455 1
3404 1
3353 0
3302 1
3251 1
3200 0
3149 1
3099 0
3048 1
2997 1
2946 0
2896 1
2845 1
2795 0
2745 1
2695 0
2644 1
2594 1
2544 0
2495 1
2445 0
2396 1
2346 1
2297 0
2248 1
2199 0
2150 1
2102 0
2053 1
2005 0
1957 1
1910 1
1862 0
1815 1
1768 1
1721 0
1674 1
1628 0
1582 1
1536 0
1490 1
1445 1
1400 0
1355 1
1310 0
1266 1
1222 0
1178 1
1135 0
1092 1
1049 0
1007 1
965 1
923 0
882 1
841 0
800 1
760 0
720 1
681 0
641 1
603 0
564 1
526 0
489 1
451 1
415 0
378 1
342 0
306 1
271 0
237 1
202 1
168 0
135 0
102 1
69 0
37 1
5 0
-26 1
-56 0
-87 1
-117 0
-146 1
-175 0
-203 1
-231 0
-259 1
-286 0
-312 1
-338 1
-363 0
-388 1
-413 0
-437 1
-460 0
-483 0
-506 1
-528 0
-549 1
-570 0
-590 1
-610 0
-629 1
-648 1
-666 0
-684 0
-701 1
-718 0
-734 1
-750 0
-765 1
-779 0
-793 0
-807 1
-820 1
-832 0
-844 1
-855 0
-866 1
-876 0
-886 1
-895 0
-904 1
-912 0
-920 0
-927 1
-934 1
-940 0
-946 0
-951 1
-956 0
-960 1
-964 0
-967 0
-970 1
-972 1
-974 0
-975 1
-975 0
-976 0
-975 1
-974 1
-972 0
-970 1
-968 0
-964 0
-961 1
-956 0
-952 1
-946 0
-940 1
-934 1
-927 0
-919 0
-911 0
-902 1
-893 1
-883 0
-873 0
-862 1
-850 1
-838 0
-825 0
-812 1
-798 0
-784 1
-769 0
-753 1
-737 0
-721 0
-703 1
-686 1
-667 0
-648 1
-629 0
-608 1
-588 0
-566 0
-545 1
-522 1
-499 0
-476 0
-451 1
-427 1
-401 0
-376 0
-349 1
-322 0
-295 1
-267 0
-238 0
-209 1
-180 1
-149 0
-119 0
-87 1
-56 1
-23 0
9 1
43 0
76 1
111 0
146 1
181 0
217 1
253 0
289 0
327 1
364 0
402 1
441 1
480 0
519 0
559 1
599 1
640 0
681 0
722 1
764 1
806 0
848 1
891 0
934 1
978 0
1022 0
1066 1
1110 1
1155 0
1200 1
1245 0
1291 0
1337 1
1383 1
1429 0
1475 1
1522 1
1569 0
1617 0
1664 1
1712 1
1760 0
1808 1
1857 0
1905 0
1954 1
2003 1
2052 0
2101 1
2150 0
2199 1
2249 0
2298 1
2348 1
2397 0
2446 1
2496 0
2545 1
2595 0
2644 1
2694 0
2744 1
2793 0
2843 1
2893 1
2942 0
2992 1
3042 1
3091 0
3141 1
3190 0
3240 1
3289 0
3339 1
3388 0
3437 1
3486 1
3535 0
3584 1
3633 0
3681 1
3730 1
3778 0
3827 1
3875 0
3923 1
3970 0
4018 1
4065 1
4113 0
4160 1
4206 1
4253 0
4300 1
4346 1
4392 0
4438 1
4483 0
4528 1
4574 0
4618 1
4663 1
4707 0
4752 1
4795 1
4839 0
4882 1
4925 1
4968 0
5011 1
5053 1
5095 0
5137 1
5178 0
5220 1
5260 0
5301 1
5341 1
5381 0
5421 1
5461 1
5500 1
5539 0
5577 1
5615 0
5653 1
5691 1
5728 1
5765 0
5802 1
5839 1
5875 0
5911 1
5946 0
5981 1
6016 1
6051 0
6085 1
6119 1
6153 1
6186 0
6220 1
6252 0
6285 1
6317 1
6349 0
6380 1
6412 1
6443 1
6473 0
6504 1
6534 0
6563 1
6593 1
6622 1
6651 1
6679 0
6707 1
6735 0
6763 1
6790 1
6817 1
6844 0
6870 1
6896 1
6922 0
6947 1
6973 1
6997 0
7022 1
7046 1
7070 1
7094 0
7117 1
7140 1
7163 0
7185 1
7206 1
7228 0
7249 1
7270 1
7290 0
7310 1
7329 1
7348 1
7367 1
7385 1
7403 0
7421 1
7438 0
7454 1
7471 1
7487 0
7503 1
7518 1
7533 1
7547 0
7562 1
7575 1
7589 1
7602 1
7615 0
7627 1
7639 0
7651 1
7662 1
7673 1
7684 0
7695 1
7705 1
7714 0
7724 1
7733 1
7742 1
7750 1
7759 0
7767 1
7774 1
7782 0
7789 1
7795 1
7802 1
7808 1
7814 0
7820 1
7825 1
7830 0
7835 1
7840 1
7845 1
7849 0
7853 1
7856 0
7860 1
7863 1
7866 1
7869 1
7872 1
7874 0
7876 1
7879 1
7880 0
7882 1
7883 1
7885 1
7886 0
7887 1
7887 1
7888 1
7888 0
7888 1
7888 1
7888 0
7888 1
7888 1
7887 1
7886 1
7885 0
7884 1
7883 1
7882 0
7880 1
7878 1
7877 1
7875 1
7873 0
7870 1
7868 0
7866 1
7863 1
7860 1
7857 1
7854 1
7851 0
7848 1
7844 1
7841 0
7837 1
7833 0
7829 1
7825 1
7821 1
7817 1
7812 1
7808 0
7803 1
7798 1
7793 1
7788 0
7783 1
7777 1
7772 0
7766 1
7760 1
7754 0
7747 1
7741 1
7734 1
7727 1
7719 0
7712 1
7704 1
7696 1
7688 0
7680 1
7672 1
7663 1
7655 0
7646 1
7637 1
7628 0
7618 1
7609 1
7599 0
7590 1
7580 1
7570 1
7560 1
7550 0
7541 1
7531 1
7521 0
7511 1
7501 1
7491 1
7481 1
7471 0
7461 1
7451 1
7441 0
7431 1
7421 1
7411 1
7401 0
7391 1
7382 1
7372 0
7362 1
7353 1
7343 0
7334 1
7325 1
7315 1
7306 1
7297 1
7288 0
7279 1
7270 0
7261 1
7253 1
7244 1
7236 0
7227 1
7219 1
7211 0
7203 1
7195 1
7187 1
7179 1
7172 0
7164 1
7157 1
7149 0
7142 1
7135 0
7128 1
7121 1
7114 1
7107 1
7101 1
7094 0
7088 1
7081 0
7075 1
7069 1
7063 1
7057 1
7051 0
7045 1
7039 0
7034 1
7028 1
7023 1
7017 0
7012 1
7006 1
7001 1
6996 0
6991 1
6986 1
6981 0
6976 1
6971 1
6966 0
6961 1
6956 1
6952 1
6947 0
6942 1
6938 1
6933 1
6928 1
6924 0
6919 1
6915 0
6910 1
6906 1
6901 0
6897 1
6892 1
6888 1
6883 0
6879 1
6874 1
6870 1
6865 0
6861 1
6856 1
6852 0
6847 1
6842 1
6838 1
6833 0
6829 1
6824 0
6819 1
6815 1
6810 1
6805 0
6800 1
6796 1
6791 1
6786 0
6781 1
6777 1
6772 1
6767 0
6763 1
6758 0
6753 1
6748 1
6744 1
6739 1
6735 0
6730 1
6725 0
6721 1
6716 1
6712 1
6707 0
6703 1
6699 1
6694 0
6690 1
6685 1
6681 0
6677 1
6673 1
6669 1
6664 1
6660 0
6656 1
6652 1
6648 0
6644 1
6640 1
6637 0
6633 1
6629 0
6625 1
6622 1
6618 1
6615 1
6611 0
6608 1
6604 1
6601 0
6598 1
6595 1
6592 1
6589 0
6586 1
6583 0
6580 1
6577 1
6575 1
6572 0
6569 1
6567 1
6565 1
6562 0
6560 1
6558 0
6556 1
6554 1
6552 1
6550 0
6549 1
6547 1
6545 1
6544 0
6543 1
6541 1
6540 0
6539 1
6538 1
6537 1
6536 0
6535 1
6534 0
6534 1
6533 0
6533 1
6532 1
6532 1
6532 1
6531 1
6531 0
6531 1
6531 0
6531 1
6532 1
6532 1
6532 0
6533 1
6533 1
6534 1
6534 0
6535 1
6536 0
6536 1
6537 1
6538 1
6539 0
6540 1
6541 0
6542 1
6543 1
6544 1
6546 1
6547 0
6548 1
6549 1
6551 0
6552 1
6554 0
6555 1
6556 1
6558 1
6559 1
6561 0
6562 1
6564 1
6565 0
6567 1
6568 0
6570 1
6571 1
6573 1
6574 1
6576 0
6577 1
6578 1
6580 0
6581 1
6583 1
6584 0
6585 1
6586 1
6588 0
6589 1
6590 1
6591 0
6592 1
6593 1
6595 1
6596 1
6597 0
6598 1
6599 0
6600 1
6602 1
6603 1
6604 0
6605 1
6606 1
6607 0
6608 1
6609 1
6610 0
6611 1
6612 1
6613 0
6614 1
6615 1
6616 1
6617 1
6617 0
6618 1
6619 1
6620 0
6621 1
6621 1
6622 0
6623 1
6623 0
6624 1
6625 1
6625 1
6626 1
6626 0
6627 1
6627 1
6627 0
6628 1
6628 0
6628 1
6629 1
6629 1
6629 1
6629 0
6629 1
6629 1
6629 1
6629 0
6629 1
6629 0
6629 1
6629 1
6629 0
6629 1
6628 1
6628 1
6628 0
6627 1
6627 1
6626 1
6626 0
6625 1
6624 0
6624 1
6623 1
6622 1
6621 0
6620 1
6619 1
6618 1
6617 0
6616 1
6615 0
6614 1
6613 1
6611 1
6610 0
6609 1
6607 1
6606 1
6604 0
6603 1
6601 1
6599 0
6597 1
6596 1
6594 0
6592 1
6590 1
6588 1
6586 0
6583 1
6581 1
6579 0
6577 1
6574 0
6572 1
6569 1
6567 1
6564 1
6562 0
6559 1
6556 0
6553 1
6550 1
6548 1
6545 1
6542 0
6538 1
6535 1
6532 1
6529 0
6526 1
6523 0
6520 1
6517 0
6513 1
6510 1
6507 1
6504 0
6501 1
6498 1
6494 1
6491 0
6488 1
6485 1
6481 1
6478 0
6475 1
6471 1
6468 0
6464 1
6461 0
6457 1
6454 1
6450 1
6446 0
6442 1
6439 1
6435 1
6431 0
6427 1
6423 1
6418 0
6414 1
6410 1
6405 0
6401 1
6396 1
6391 0
6387 1
6382 1
6377 1
6371 0
6366 1
6361 1
6355 0
6350 1
6344 1
6338 0
6332 1
6326 1
6319 0
6313 1
6306 1
6300 1
6293 0
6286 1
6278 1
6271 1
6263 0
6256 1
6248 1
6240 0
6232 1
6223 0
6215 1
6206 1
6197 0
6188 1
6179 1
6170 1
6160 1
6150 0
6141 1
6130 0
6120 1
6110 1
6099 0
6089 1
6078 1
6067 1
6055 0
6044 1
6032 1
6021 0
6009 1
5997 1
5985 0
5972 1
5960 1
5947 1
5935 0
5922 1
5909 1
5895 0
5882 1
5869 1
5855 0
5842 1
5828 0
5814 1
5800 1
5786 1
5772 0
5758 1
5744 1
5730 0
5715 1
5701 1
5686 0
5672 1
5657 1
5643 0
5628 1
5613 1
5599 1
5584 1
5569 0
5554 1
5539 0
5524 1
5509 0
5494 1
5479 1
5463 0
5448 1
5433 1
5418 1
5403 0
5388 1
5373 1
5358 0
5343 1
5329 1
5314 0
5300 1
5285 1
5271 0
5257 1
5243 0
5229 1
5215 1
5201 1
5187 0
5174 1
5160 0
5147 1
5133 1
5120 1
5107 1
5094 0
5081 1
5068 0
5055 1
5043 0
5030 1
5018 1
5006 1
4994 0
4982 1
4970 0
4959 1
4948 1
4937 0
4926 1
4915 1
4904 0
4894 1
4884 1
4874 1
4864 0
4854 1
4845 0
4835 1
4826 1
4817 0
4809 1
4800 0
4792 1
4784 1
4776 1
4768 0
4761 1
4753 0
4746 1
4739 1
4733 1
4726 0
4720 1
4714 0
4708 1
4702 1
4696 0
4691 1
4686 1
4681 0
4676 1
4671 0
4667 1
4663 1
4658 0
4655 1
4651 1
4647 1
4644 0
4640 1
4637 0
4634 1
4632 1
4629 0
4626 1
4624 0
4622 1
4620 1
4618 0
4616 1
4614 1
4613 1
4611 0
4610 1
4609 0
4608 1
4607 1
4606 0
4605 1
4604 0
4604 1
4603 1
4603 0
4602 1
4602 1
4602 1
4602 0
4602 1
4602 0
4602 1
4602 0
4602 1
4603 1
4603 1
4603 0
4604 1
4604 0
4605 1
4606 1
4606 0
4607 1
4608 0
4608 1
4609 1
4610 1
4611 0
4612 1
4613 1
4614 0
4615 1
4616 0
4618 1
4619 1
4621 0
4622 1
4624 0
4626 1
4628 1
4630 1
4632 0
4634 1
4637 1
4639 0
4642 1
4644 0
4647 1
4650 0
4653 1
4655 1
4658 0
4662 1
4665 1
4668 1
4671 0
4675 1
4678 1
4681 0
4685 1
4689 0
4692 1
4696 0
4700 1
4704 1
4707 0
4711 1
4715 1
4719 1
4723 0
4727 1
4731 0
4735 1
4739 1
4744 0
4748 1
4752 1
4756 1
4760 0
4764 0
4768 1
4773 1
4777 0
4781 1
4785 1
4789 0
4793 1
4797 1
4802 0
4806 1
4810 1
4814 0
4818 1
4822 1
4825 0
4829 1
4833 0
4837 1
4841 1
4844 0
4848 1
4851 1
4855 0
4858 1
4862 1
4865 0
4868 1
4872 1
4875 0
4878 1
4881 1
4884 0
4886 1
4889 1
4892 0
4894 1
4897 0
4899 1
4902 1
4904 0
4906 1
4908 0
4910 1
4912 1
4914 1
4915 0
4917 1
4918 1
4920 0
4921 1
4922 1
4923 0
4924 1
4925 0
4926 1
4926 1
4927 0
4927 1
4928 1
4928 0
4928 1
4928 1
4928 0
4928 1
4927 1
4927 0
4926 1
4925 1
4924 0
4923 1
4922 1
4920 0
4918 1
4916 0
4914 1
4912 1
4910 0
4907 1
4904 0
4901 1
4898 1
4895 1
4892 0
4888 1
4885 1
4881 1
4877 0
4873 1
4869 0
4865 1
4860 0
4856 1
4851 1
4846 0
4841 1
4836 1
4831 0
4826 1
4820 1
4815 1
4809 0
4803 1
4798 0
4791 1
4785 0
4779 1
4773 1
4766 1
4760 0
4753 1
4746 0
4739 1
4732 1
4725 0
4718 1
4710 1
4703 0
4695 1
4688 1
4680 1
4672 0
4664 1
4656 0
4647 1
4639 0
4630 1
4622 1
4613 0
4604 1
4595 1
4586 0
4576 1
4567 1
4557 0
4548 1
4538 1
4528 0
4518 1
4507 0
4497 1
4486 1
4475 1
4464 0
4453 1
4442 0
4430 1
4418 1
4406 0
4394 1
4382 1
4369 0
4357 1
4344 0
4330 1
4317 1
4303 0
4289 1
4275 1
4261 0
4246 1
4231 1
4216 0
4201 1
4185 0
4169 1
4153 1
4137 0
4120 1
4103 0
4085 1
4067 1
4049 1
4031 0
4012 1
3994 0
3974 1
3955 1
3935 1
3914 0
3894 1
3873 0
3851 1
3830 0
3808 1
3785 0
3762 1
3739 1
3716 1
3692 0
3668 1
3643 0
3618 1
3593 0
3567 1
3541 1
3514 1
3487 0
3460 1
3432 0
3404 1
3375 1
3347 0
3317 1
3288 0
3257 1
3227 1
3196 0
3165 1
3133 0
3101 1
3069 1
3036 0
3002 1
2969 0
2935 1
2901 1
2866 0
2831 1
2795 1
2759 0
2723 1
2687 0
2650 1
2612 0
2575 1
2537 0
2499 1
2460 1
2421 0
2382 1
2342 1
2303 0
2262 1
2222 1
2181 0
2140 1
2099 0
2057 0
2016 1
1973 1
1931 0
1889 1
1846 0
1803 1
1759 1
1716 0
1672 1
1628 1
1584 0
1540 0
1495 1
1450 1
1405 0
1360 1
1315 0
1270 1
1224 0
1178 1
1133 1
1087 0
1041 0
994 1
948 1
902 0
855 1
808 0
762 1
715 1
668 0
621 1
574 0
527 0
480 1
433 1
385 0
338 1
291 0
243 1
196 0
149 1
101 0
54 1
6 0
-41 1
-88 0
-136 1
-183 1
-231 0
-278 0
-326 1
-373 1
-420 0
-468 0
-515 1
-562 1
-609 0
-657 0
-704 1
-751 1
-798 0
-845 0
-892 1
-939 0
-986 1
-1033 1
-1080 0
-1127 0
-1174 1
-1220 0
-1267 1
-1314 1
-1360 0
-1407 0
-1453 1
-1500 0
-1546 0
-1593 1
-1639 1
-1686 0
-1732 1
-1778 0
-1825 0
-1871 1
-1917 1
-1963 0
-2010 0
-2056 1
-2103 0
-2149 1
-2196 0
-2243 0
-2289 1
-2336 1
-2383 0
-2429 0
-2476 1
-2523 0
-2570 1
-2617 0
-2664 1
-2711 0
-2757 1
-2804 0
-2851 0
-2898 1
-2945 0
-2992 1
-3039 0
-3085 0
-3132 1
-3178 0
-3224 1
-3270 0
-3316 0
-3362 1
-3407 0
-3453 1
-3498 0
-3543 1
-3588 0
-3633 1
-3677 0
-3721 0
-3765 1
-3809 0
-3853 0
-3896 1
-3939 0
-3982 1
-4025 0
-4067 1
-4110 0
-4152 0
-4193 1
-4235 0
-4276 0
-4317 1
-4357 0
-4398 1
-4438 0
-4478 0
-4517 1
-4557 0
-4596 0
-4634 1
-4673 0
-4711 0
-4749 1
-4786 0
-4824 0
-4860 1
-4897 1
-4934 0
-4970 0
-5005 1
-5041 0
-5076 0
-5111 1
-5146 0
-5180 1
-5214 0
-5248 0
-5282 0
-5315 0
-5348 1
-5380 0
-5413 1
-5445 0
-5476 1
-5508 0
-5539 0
-5570 0
-5601 1
-5631 0
-5661 1
-5691 0
-5721 0
-5750 0
-5779 1
-5808 0
-5837 1
-5865 0
-5893 0
-5921 0
-5948 1
-5976 0
-6003 1
-6030 0
-6056 0
-6083 1
-6109 0
-6135 0
-6160 0
-6186 1
-6211 0
-6236 0
-6261 1
-6285 0
-6310 0
-6334 1
-6358 0
-6381 0
-6405 1
-6428 0
-6451 1
-6474 0
-6497 0
-6519 0
-6542 0
-6564 1
-6586 0
-6607 0
-6629 1
-6650 0
-6671 0
-6692 1
-6713 0
-6734 0
-6754 1
-6774 0
-6794 0
-6814 0
-6833 1
-6853 0
-6872 0
-6891 1
-6909 0
-6927 0
-6945 1
-6963 0
-6980 0
-6997 1
-7014 0
-7031 0
-7047 0
-7063 1
-7079 0
-7095 0
-7110 0
-7125 1
-7140 0
-7154 0
-7168 1
-7182 0
-7196 0
-7209 1
-7223 0
-7236 0
-7248 0
-7260 0
-7273 1
-7284 0
-7296 0
-7307 1
-7318 0
-7329 1
-7340 0
-7350 0
-7360 0
-7370 0
-7379 1
-7389 0
-7398 1
-7406 0
-7415 0
-7423 0
-7431 0
-7439 0
-7447 1
-7454 0
-7461 1
-7468 0
-7474 0
-7481 0
-7487 0
-7492 1
-7498 0
-7503 1
-7509 0
-7513 0
-7518 0
-7522 1
-7527 0
-7531 0
-7534 0
-7538 1
-7541 0
-7544 0
-7547 0
-7549 0
-7552 1
-7554 0
-7555 1
-7557 0
-7558 0
-7560 0
-7560 1
-7561 0
-7562 0
-7562 1
-7562 0
-7561 0
-7561 0
-7560 0
-7559 1
-7558 0
-7557 0
-7555 0
-7553 1
-7551 0
-7548 0
-7546 1
-7543 0
-7540 0
-7536 1
-7533 0
-7529 0
-7525 0
-7520 1
-7516 0
-7511 0
-7506 0
-7500 0
-7494 1
-7489 0
-7482 0
-7476 1
-7469 0
-7462 0
-7455 1
-7447 0
-7440 0
-7431 0
-7423 0
-7414 1
-7406 0
-7396 1
-7387 0
-7377 0
-7367 0
-7357 0
-7346 1
-7335 0
-7324 0
-7313 0
-7302 1
-7290 0
-7278 1
-7266 0
-7253 0
-7240 0
-7227 0
-7213 1
-7200 0
-7186 0
-7171 1
-7156 0
-7141 0
-7126 0
-7110 1
-7094 0
-7078 0
-7061 1
-7044 0
-7027 0
-7009 0
-6991 0
-6972 1
-6954 0
-6935 1
-6915 0
-6896 0
-6875 0
-6855 0
-6834 1
-6813 0
-6791 1
-6770 0
-6747 0
-6725 0
-6702 1
-6678 0
-6655 0
-6631 1
-6606 0
-6581 0
-6556 0
-6530 0
-6504 1
-6478 0
-6451 0
-6424 1
-6397 0
-6369 1
-6341 0
-6312 0
-6283 0
-6253 1
-6224 0
-6193 0
-6163 0
-6132 1
-6100 0
-6069 0
-6037 0
-6004 1
-5971 0
-5938 1
-5905 0
-5871 1
-5836 0
-5802 0
-5766 0
-5731 0
-5695 1
-5659 0
-5623 0
-5586 1
-5549 0
-5511 0
-5473 1
-5435 0
-5396 0
-5357 0
-5318 1
-5279 0
-5239 1
-5198 0
-5158 0
-5117 1
-5076 0
-5034 0
-4993 1
-4951 0
-4908 0
-4866 1
-4823 0
-4779 0
-4736 0
-4692 1
-4648 0
-4604 0
-4559 1
-4514 0
-4469 1
-4424 0
-4378 1
-4332 0
-4286 0
-4240 0
-4194 1
-4147 0
-4100 0
-4053 1
-4005 0
-3957 1
-3910 0
-3862 0
-3813 1
-3765 0
-3716 0
-3667 0
-3618 1
-3569 0
-3520 1
-3470 0
-3421 1
-3371 0
-3321 0
-3270 1
-3220 0
-3170 1
-3119 0
-3068 0
-3017 1
-2966 0
-2915 0
-2863 1
-2812 0
-2760 1
-2708 0
-2656 0
-2604 1
-2551 0
-2499 0
-2446 1
-2393 0
-2340 1
-2287 0
-2233 1
-2180 0
-2126 0
-2072 1
-2019 0
-1964 1
-1910 0
-1856 1
-1801 0
-1747 1
-1692 0
-1637 0
-1582 1
-1527 0
-1472 1
-1416 0
-1361 0
-1305 0
-1250 1
-1194 1
-1138 0
-1082 0
-1026 1
-970 0
-913 1
-857 1
-800 0
-744 0
-687 1
-631 0
-574 1
-517 0
-460 1
-403 0
-346 1
-289 0
-232 0
-175 1
-117 0
-60 1
-3 0
55 1
112 1
170 0
227 0
285 1
342 0
400 1
457 0
515 0
572 1
630 1
688 0
745 1
803 0
860 1
918 0
976 1
1033 0
1091 1
1148 0
1206 1
1263 0
1321 1
1378 0
1435 1
1493 0
1550 1
1607 1
1664 0
1721 0
1778 1
1835 1
1892 0
1949 1
2006 0
2062 0
2119 1
2175 1
2231 0
2288 1
2344 0
2400 1
2456 1
2512 0
2567 1
2623 0
2678 1
2734 0
2789 1
2844 0
2899 1
2954 0
3008 1
3063 1
3117 0
3171 1
3225 0
3279 1
3333 1
3386 0
3440 1
3493 0
3546 1
3598 1
3651 0
3703 1
3755 0
3807 1
3859 0
3910 1
3961 1
4012 0
4062 1
4113 0
4163 1
4213 1
4262 0
4311 1
4360 0
4409 1
4458 1
4506 0
4554 1
4601 1
4649 0
4696 1
4743 0
4789 1
4835 1
4881 1
4927 0
4972 1
5018 0
5062 1
5107 0
5151 1
5195 0
5238 1
5282 1
5325 1
5367 1
5410 0
5452 1
5493 0
5535 1
5576 1
5616 0
5657 1
5697 0
5736 1
5776 1
5815 0
5853 1
5892 1
5930 1
5967 0
6004 1
6041 1
6078 0
6114 1
6150 1
6185 0
6220 1
6255 1
6289 0
6323 1
6356 0
6390 1
6422 1
6455 1
6486 0
6518 1
6549 1
6580 0
6610 1
6640 1
6669 0
6698 1
6727 1
6755 0
6782 1
6810 1
6836 1
6863 0
6889 1
6914 1
6939 1
6963 0
6987 1
7011 1
7034 0
7056 1
7079 1
7100 0
7121 1
7142 1
7162 0
7182 1
7201 1
7219 0
7237 1
7255 1
7272 1
7288 0
7304 1
7320 1
7335 1
7349 0
7363 1
7376 1
7389 1
7401 0
7413 1
7424 1
7434 0
7444 1
7454 1
7463 1
7471 0
7478 1
7486 1
7492 0
7498 1
7504 0
7508 1
7513 1
7516 1
7519 1
7522 1
7524 0
7525 1
7526 1
7526 1
7525 0
7524 1
7522 1
7520 0
7517 1
7514 1
7510 0
7505 1
7500 1
7494 0
7488 1
7481 1
7473 1
7465 1
7456 1
7446 0
7436 1
7425 1
7414 0
7401 1
7389 1
7376 0
7362 1
7347 1
7332 0
7316 1
7300 1
7283 1
7266 1
7248 0
7229 1
7210 1
7190 0
7170 1
7149 1
7128 1
7106 0
7083 1
7060 1
7037 1
7012 0
6988 1
6963 1
6937 0
6911 1
6884 1
6857 1
6829 0
6801 1
6773 0
6743 1
6714 1
6684 1
6653 1
6623 0
6591 1
6559 1
6527 1
6495 0
6462 1
6428 0
6394 1
6360 1
6326 1
6291 0
6255 1
6220 1
6183 1
6147 0
6110 1
6073 0
6036 1
5998 1
5960 1
5921 0
5883 1
5844 1
5804 1
5765 0
5725 1
5685 0
5644 1
5604 1
5563 1
5521 0
5480 1
5438 1
5396 0
5354 1
5311 1
5269 0
5226 1
5183 0
5139 1
5096 1
5052 1
5008 1
4964 0
4919 1
4875 0
4830 1
4785 1
4740 0
4695 1
4649 1
4603 1
4557 0
4511 1
4465 0
4419 1
4372 0
4325 1
4279 1
4231 1
4184 0
4137 1
4089 0
4042 1
3994 1
3946 0
3898 1
3849 1
3801 0
3752 1
3703 1
3654 0
3605 1
3556 1
3507 0
3457 1
3408 1
3359 0
3309 1
3259 0
3210 1
3160 0
3110 1
3060 0
3010 1
2960 1
2910 0
2859 1
2809 1
2758 0
2707 1
2656 1
2605 0
2554 1
2503 1
2451 0
2400 1
2348 0
2296 1
2245 0
2193 1
2141 0
2089 1
2037 1
1985 0
1932 1
1880 0
1828 1
1775 0
1723 1
1671 1
1618 0
1565 1
1513 0
1460 1
1407 1
1355 0
1302 1
1249 0
1196 1
1143 0
1090 1
1037 0
984 1
931 1
878 0
825 1
772 0
719 1
666 0
613 1
559 0
506 1
453 1
400 0
347 0
294 1
241 0
188 1
135 1
82 0
29 0
-23 1
-76 1
-129 0
-181 1
-234 0
-286 1
-338 0
-391 1
-443 0
-495 1
-546 1
-598 0
-650 0
-701 1
-753 0
-804 1
-855 0
-905 0
-956 1
-1006 1
-1057 0
-1107 1
-1157 0
-1206 1
-1256 0
-1305 1
-1354 0
-1402 1
-1451 0
-1499 1
-1547 0
-1595 0
-1642 1
-1689 0
-1736 1
-1782 0
-1828 1
-1874 1
-1920 0
-1965 0
-2010 1
-2054 0
-2098 0
-2142 1
-2186 0
-2229 1
-2271 0
-2314 1
-2356 1
-2397 0
-2438 0
-2479 1
-2519 0
-2559 0
-2599 1
-2638 0
-2677 1
-2715 0
-2753 1
-2790 0
-2827 1
-2863 0
-2899 0
-2935 1
-2970 0
-3004 1
-3038 0
-3072 0
-3105 1
-3138 0
-3170 1
-3202 0
-3233 1
-3264 0
-3295 0
-3325 1
-3355 0
-3384 1
-3413 0
-3442 1
-3470 0
-3498 0
-3526 1
-3553 0
-3579 1
-3606 0
-3631 0
-3657 0
-3682 1
-3706 0
-3730 1
-3754 0
-3777 1
-3800 0
-3822 0
-3844 1
-3866 0
-3887 1
-3908 0
-3928 1
-3947 0
-3967 0
-3986 1
-4004 0
-4022 0
-4039 1
-4056 0
-4073 1
-4089 0
-4104 0
-4119 0
-4134 1
-4148 0
-4162 1
-4175 0
-4187 1
-4200 0
-4211 0
-4223 1
-4233 0
-4243 0
-4253 1
-4262 0
-4271 0
-4279 1
-4287 1
-4294 0
-4301 0
-4307 0
-4313 1
-4318 0
-4323 1
-4327 0
-4331 0
-4334 1
-4336 0
-4339 0
-4340 1
-4341 0
-4342 0
-4342 1
-4342 0
-4341 1
-4339 0
-4337 0
-4335 1
-4332 0
-4329 1
-4325 0
-4320 0
-4315 0
-4310 1
-4304 0
-4298 1
-4291 0
-4284 0
-4276 1
-4268 0
-4259 0
-4250 1
-4240 0
-4230 1
-4219 0
-4208 0
-4197 1
-4185 0
-4172 0
-4159 1
-4146 0
-4132 1
-4118 0
-4104 1
-4089 0
-4073 0
-4058 0
-4041 1
-4025 0
-4008 0
-3991 1
-3973 0
-3955 0
-3937 1
-3918 0
-3899 1
-3879 0
-3859 0
-3839 1
-3819 0
-3798 1
-3777 0
-3756 1
-3734 0
-3712 0
-3689 1
-3666 0
-3643 0
-3620 1
-3597 0
-3573 0
-3549 1
-3524 0
-3500 1
-3475 0
-3450 0
-3424 0
-3399 1
-3373 0
-3347 1
-3321 0
-3295 1
-3269 0
-3242 0
-3215 1
-3188 0
-3161 1
-3134 0
-3106 1
-3078 0
-3050 0
-3022 1
-2993 0
-2965 0
-2936 1
-2907 0
-2878 0
-2849 1
-2820 1
-2790 0
-2760 0
-2731 0
-2701 1
-2671 0
-2640 1
-2610 0
-2580 1
-2549 0
-2519 1
-2488 0
-2457 0
-2426 1
-2395 0
-2364 0
-2333 1
-2301 0
-2270 1
-2239 0
-2207 0
-2175 1
-2144 1
-2112 0
-2080 0
-2048 1
-2017 0
-1985 1
-1953 0
-1921 0
-1888 1
-1856 0
-1824 1
-1792 0
-1760 1
-1727 0
-1695 1
-1663 0
-1630 0
-1598 1
-1566 0
-1533 0
-1501 1
-1468 0
-1436 1
-1403 0
-1371 1
-1338 1
-1305 0
-1273 0
-1240 1
-1208 0
-1175 0
-1142 1
-1110 0
-1077 1
-1044 0
-1012 1
-979 1
-946 0
-914 0
-881 1
-848 0
-816 0
-783 1
-750 1
-718 0
-685 0
-653 1
-620 0
-587 1
-555 0
-522 1
-489 0
-457 1
-424 0
-391 1
-359 0
-326 1
-294 0
-261 0
-228 1
-196 1
-163 0
-131 0
-98 1
-66 0
-33 1
-1 1
32 0
64 0
96 1
129 0
161 1
194 0
226 1
258 1
291 0
323 0
355 1
387 0
420 1
452 1
484 0
516 0
547 1
579 0
611 1
642 0
673 1
705 0
736 1
767 0
798 1
829 1
859 0
890 0
921 1
951 0
981 1
1012 1
1042 0
1072 1
1102 0
1132 0
1162 1
1192 1
1221 0
1251 1
1281 0
1310 1
1340 0
1369 1
1398 0
1428 1
1457 1
1486 0
1515 0
1544 1
1573 1
1602 0
1631 1
1660 0
1689 0
1718 1
1747 1
1776 0
1804 1
1833 0
1862 1
1891 0
1920 1
1948 1
1977 0
2006 1
2035 0
2063 1
2092 1
2121 0
2150 0
2179 1
2208 1
2236 0
2265 1
2294 0
2323 1
2352 0
2381 1
2410 0
2439 1
2468 0
2498 1
2527 1
2556 0
2585 1
2615 1
2644 0
2673 1
2703 0
2732 1
2762 0
2791 1
2821 0
2850 1
2880 0
2910 1
2939 1
2969 0
2999 1
3029 0
3059 1
3089 1
3118 0
3148 1
3178 1
3208 0
3238 1
3268 0
3298 1
3328 0
3358 1
3388 0
3418 1
3448 1
3478 0
3508 1
3538 0
3568 1
3597 1
3627 0
3657 1
3687 0
3716 1
3746 1
3776 0
3805 1
3835 1
3864 0
3893 1
3922 0
3951 1
3980 0
4008 1
4036 1
4065 0
4093 1
4120 1
4148 0
4175 1
4203 0
4230 1
4257 0
4283 1
4310 1
4336 1
4362 0
4388 1
4414 1
4440 0
4465 1
4490 0
4515 1
4540 1
4565 0
4590 0
4615 1
4640 1
4664 1
4689 0
4713 1
4738 0
4762 1
4786 1
4811 1
4835 0
4859 1
4883 0
4907 1
4931 1
4955 0
4979 1
5002 1
5026 0
5050 1
5074 0
5097 1
5121 1
5144 1
5168 0
5191 1
5215 0
5238 1
5261 1
5285 0
5308 1
5331 0
5354 1
5378 1
5401 1
5424 0
5447 1
5470 1
5493 1
5515 0
5538 1
5561 0
5583 1
5606 0
5628 1
5651 1
5673 0
5696 1
5718 1
5740 0
5762 1
5784 1
5805 1
5827 0
5849 1
5870 1
5892 0
5913 1
5934 1
5955 0
5976 1
5996 1
6017 0
6037 1
6058 1
6078 0
6098 1
6117 0
6137 1
6156 1
6176 0
6195 1
6214 1
6232 1
6251 1
6269 0
6287 1
6305 0
6322 1
6340 1
6357 1
6374 0
6390 1
6407 1
6423 0
6439 1
6454 1
6470 0
6485 1
6500 1
6514 0
6528 1
6542 1
6556 0
6569 1
6582 1
6595 1
6608 0
6620 1
6632 1
6643 0
6655 1
6666 1
6676 0
6687 1
6697 1
6706 0
6716 1
6725 1
6733 1
6742 0
6750 1
6758 1
6765 1
6772 0
6779 1
6786 1
6792 0
6798 1
6804 1
6809 1
6814 0
6819 1
6824 0
6828 1
6833 1
6836 0
6840 1
6843 1
6846 0
6849 1
6852 1
6854 1
6856 1
6858 0
6859 1
6860 1
6861 1
6862 0
6862 1
6862 1
6862 0
6862 1
6861 1
6860 0
6859 1
6858 1
6856 1
6854 0
6852 1
6850 0
6847 1
6844 1
6841 1
6837 0
6834 1
6830 1
6826 0
6821 1
6817 1
6812 1
6807 0
6801 1
6796 1
6790 1
6784 1
6778 0
6771 1
6765 0
6758 1
6750 1
6743 0
6736 1
6728 1
6720 1
6711 0
6703 1
6694 1
6686 0
6677 1
6667 1
6658 1
6648 0
6638 1
6628 1
6618 0
6608 1
6597 1
6586 0
6575 1
6564 1
6553 1
6542 0
6530 1
6518 1
6506 1
6494 0
6482 1
6469 0
6457 1
6444 1
6431 1
6418 0
6405 1
6391 1
6378 1
6364 0
6351 1
6337 0
6323 1
6308 1
6294 0
6280 1
6265 1
6251 1
6236 1
6221 0
6206 1
6191 0
6176 1
6161 1
6145 1
6130 0
6114 1
6099 1
6083 1
6067 0
6051 1
6035 0
6019 1
6003 1
5987 0
5971 1
5955 1
5939 0
5923 1
5907 1
5891 1
5874 0
5858 1
5842 1
5825 0
5809 1
5793 1
5777 1
5760 0
5744 1
5727 0
5711 1
5695 1
5678 0
5662 1
5645 1
5629 1
5613 0
5596 1
5580 1
5563 0
5547 1
5531 0
5514 1
5498 1
5482 1
5465 0
5449 1
5433 0
5416 1
5400 1
5384 1
5368 1
5351 0
5335 1
5319 0
5303 1
5287 1
5271 0
5255 1
5239 1
5223 0
5207 1
5191 1
5175 0
5160 1
5144 0
5128 1
5113 1
5097 1
5082 0
5066 1
5051 1
5036 0
5021 1
5006 1
4991 0
4976 1
4961 1
4946 0
4931 1
4917 0
4902 1
4888 1
4874 0
4860 1
4846 1
4832 1
4818 0
4804 1
4791 1
4778 0
4764 1
4751 0
4738 1
4725 0
4713 1
4700 1
4688 1
4675 0
4663 1
4651 1
4640 0
4628 1
4617 0
4606 1
4595 1
4584 0
4573 1
4563 1
4552 1
4542 0
4532 1
4523 0
4513 1
4504 0
4495 1
4486 1
4477 1
4469 0
4461 1
4453 0
4445 1
4438 1
4431 0
4424 1
4417 1
4410 0
4404 1
4398 0
4392 1
4387 1
4382 1
4377 0
4372 1
4367 0
4363 1
4359 0
4356 1
4352 1
4349 1
4346 0
4343 1
4341 0
4339 1
4337 1
4336 1
4334 0
4333 0
4333 1
4332 1
4332 1
4332 0
4333 1
4334 0
4335 1
4336 0
4338 1
4340 1
4342 0
4345 1
4348 1
4351 1
4354 0
4358 1
4362 1
4366 0
4371 1
4376 0
4381 1
4386 0
4392 1
4398 1
4404 0
4411 1
4418 0
4425 1
4432 1
4439 1
4447 0
4455 1
4463 1
4472 0
4480 1
4489 0
4498 1
4508 1
4517 0
4527 1
4536 0
4547 1
4557 1
4567 0
4578 1
4588 1
4599 1
4610 0
4621 1
4633 0
4644 1
4656 0
4668 1
4679 1
4691 0
4703 1
4716 1
4728 0
4740 1
4753 1
4765 0
4778 1
4791 0
4803 1
4816 1
4829 1
4842 0
4855 1
4868 1
4881 0
4894 1
4908 0
4921 1
4934 1
4947 0
4961 1
4974 1
4987 0
5001 1
5014 0
5027 1
5041 0
5054 1
5067 1
5081 1
5094 1
5107 0
5121 1
5134 0
5147 1
5161 1
5174 0
5187 1
5200 1
5213 0
5227 1
5240 1
5253 0
5266 1
5279 1
5292 0
5305 1
5318 0
5331 1
5344 1
5357 0
5370 1
5383 1
5396 1
5408 0
5421 1
5434 0
5447 1
5460 1
5472 1
5485 0
5498 1
5511 0
5523 1
5536 1
5549 0
5561 1
5574 0
5587 1
5600 1
5612 1
5625 1
5638 0
5651 1
5663 0
5676 1
5689 1
5702 1
5715 0
5728 1
5740 0
5753 1
5766 1
5779 0
5792 1
5806 1
5819 1
5832 0
5845 1
5858 0
5871 1
5884 1
5897 0
5910 1
5922 1
5935 0
5948 1
5960 1
5973 1
5985 0
5998 1
6010 1
6022 0
6034 1
6046 0
6058 1
6070 1
6082 1
6094 1
6105 0
6117 1
6128 0
6139 1
6151 1
6162 0
6173 1
6184 1
6194 1
6205 0
6216 1
6226 0
6236 1
6247 1
6257 0
6267 1
6277 1
6286 1
6296 0
6305 1
6315 1
6324 1
6333 0
6342 1
6351 0
6359 1
6368 1
6376 1
6384 0
6392 1
6400 0
6408 1
6416 1
6423 1
6430 1
6438 0
6445 1
6451 0
6458 1
6465 1
6471 0
6477 1
6483 1
6489 1
6495 1
6500 0
6506 1
6511 0
6516 1
6521 1
6526 0
6530 1
6534 1
6539 0
6542 1
6546 1
6550 1
6553 1
6557 0
6560 1
6563 0
6565 1
6568 1
6570 1
6572 0
6574 1
6576 1
6578 0
6579 1
6580 1
6581 1
6582 0
6582 1
6583 0
6583 1
6583 1
6583 1
6583 0
6582 1
6581 1
6580 1
6579 0
6578 1
6576 0
6574 1
6573 1
6570 1
6568 0
6565 1
6563 1
6560 0
6556 1
6553 1
6550 1
6546 0
6542 1
6538 1
6533 0
6529 1
6524 1
6519 1
6514 0
6509 1
6504 1
6499 0
6493 1
6487 1
6481 1
6475 0
6468 1
6462 0
6455 1
6448 0
6441 1
6434 1
6426 1
6419 1
6411 0
6403 1
6394 1
6386 1
6377 0
6368 1
6359 1
6350 0
6340 1
6331 0
6321 1
6311 1
6300 1
6290 1
6279 0
6268 1
6256 1
6245 0
6233 1
6221 1
6209 0
6196 1
6184 1
6171 0
6157 1
6144 1
6130 0
6116 1
6102 1
6087 0
6073 1
6058 1
6042 0
6027 1
6011 1
5995 1
5978 0
5962 1
5945 1
5928 1
5910 0
5893 1
5875 1
5856 0
5838 1
5819 1
5800 0
5780 1
5761 0
5741 1
5720 1
5700 1
5679 0
5658 1
5637 0
5615 1
5593 1
5571 1
5548 1
5526 0
5503 1
5479 0
5456 1
5432 1
5408 0
5384 1
5359 1
5334 0
5309 1
5284 1
5258 0
5232 1
5206 1
5180 1
5153 0
5127 1
5099 1
5072 0
5045 1
5017 1
4989 0
4961 1
4932 0
4904 1
4875 0
4846 1
4817 1
4788 1
4758 0
4728 1
4699 1
4668 1
4638 0
4608 1
4577 0
4547 1
4516 0
4484 1
4453 1
4421 1
4389 0
4357 1
4325 1
4293 0
4261 1
4228 0
4195 1
4162 1
4129 0
4096 1
4063 1
4030 0
3996 1
3963 0
3929 1
3896 1
3862 0
3829 1
3795 1
3761 1
3728 0
3694 1
3660 0
3626 1
3592 0
3557 1
3523 1
3489 0
3455 1
3420 0
3386 1
3352 1
3318 0
3283 1
3249 1
3215 0
3180 1
3146 0
3112 1
3077 1
3043 0
3009 1
2974 1
2940 0
2906 1
2872 0
2838 1
2804 1
2770 0
2736 1
2702 0
2668 1
2634 0
2601 1
2567 0
2533 1
2500 1
2466 0
2433 1
2399 1
2366 0
2333 1
2299 1
2266 0
2233 0
2200 1
2167 1
2134 0
2101 1
2068 1
2036 0
2003 1
1970 0
1938 1
1905 0
1873 0
1840 1
1808 1
1775 1
1743 0
1711 1
1679 0
1646 1
1614 0
1582 1
1550 0
1518 1
1486 1
1454 0
1422 1
1390 0
1358 1
1326 0
1294 1
1262 1
1230 0
1199 1
1167 0
1135 1
1103 0
1071 1
1039 0
1007 1
975 1
943 0
911 0
879 1
847 1
815 0
783 1
751 0
719 0
686 1
654 1
622 0
590 1
557 0
525 1
492 0
460 1
427 1
395 0
362 1
330 0
297 0
264 1
231 1
198 0
165 1
132 0
99 1
66 1
33 0
0 0
-33 1
-67 0
-100 1
-133 0
-167 0
-200 1
-234 1
-267 0
-301 1
-335 0
-368 1
-402 0
-436 1
-469 0
-503 1
-537 1
-571 0
-605 0
-639 1
-672 0
-706 1
-740 1
-774 0
-808 0
-841 1
-875 0
-909 0
-943 1
-976 1
-1010 0
-1044 1
-1077 0
-1111 0
-1144 1
-1178 1
-1211 0
-1244 0
-1278 1
-1311 1
-1344 0
-1377 0
-1410 1
-1443 0
-1475 1
-1508 1
-1540 0
-1573 0
-1605 1
-1637 0
-1669 1
-1701 0
-1733 0
-1765 1
-1796 0
-1828 1
-1859 0
-1890 1
-1921 0
-1952 1
-1982 0
-2013 1
-2043 0
-2073 1
-2103 0
-2133 1
-2163 0
-2192 0
-2222 1
-2251 0
-2280 0
-2308 1
-2337 0
-2365 1
-2393 0
-2421 1
-2449 0
-2477 1
-2504 0
-2531 1
-2558 0
-2585 1
-2612 0
-2638 1
-2664 0
-2690 0
-2716 0
-2742 1
-2767 1
-2793 0
-2818 0
-2843 0
-2867 1
-2892 1
-2916 0
-2940 0
-2964 1
-2988 0
-3012 0
-3035 1
-3059 1
-3082 0
-3105 0
-3127 1
-3150 0
-3173 1
-3195 0
-3217 1
-3239 0
-3261 0
-3283 1
-3305 0
-3326 1
-3348 0
-3369 0
-3390 0
-3411 1
-3433 0
-3454 1
-3475 0
-3495 1
-3516 0
-3537 0
-3558 1
-3579 0
-3600 1
-3621 0
-3642 1
-3662 0
-3683 0
-3704 1
-3725 0
-3746 0
-3767 1
-3787 0
-3808 1
-3829 0
-3850 0
-3871 1
-3892 0
-3912 1
-3933 0
-3954 0
-3975 1
-3995 0
-4016 1
-4036 0
-4056 0
-4076 1
-4096 0
-4116 0
-4136 1
-4156 0
-4176 1
-4195 0
-4215 0
-4234 1
-4253 0
-4273 0
-4292 1
-4311 0
-4329 0
-4348 1
-4367 1
-4385 0
-4404 0
-4422 0
-4440 1
-4458 0
-4476 1
-4494 0
-4511 0
-4529 1
-4547 0
-4564 1
-4581 0
-4598 0
-4615 1
-4632 0
-4649 0
-4666 0
-4682 1
-4699 0
-4715 1
-4732 0
-4748 0
-4764 1
-4780 0
-4796 1
-4812 0
-4827 0
-4843 0
-4859 1
-4874 0
-4890 1
-4905 0
-4920 1
-4935 0
-4951 0
-4966 1
-4981 0
-4996 0
-5011 0
-5025 1
-5040 0
-5055 1
-5070 0
-5084 0
-5099 0
-5114 1
-5128 0
-5143 1
-5157 0
-5172 0
-5187 1
-5201 0
-5216 1
-5230 0
-5245 0
-5259 0
-5274 1
-5288 0
-5303 1
-5317 0
-5332 0
-5346 0
-5361 1
-5376 0
-5390 0
-5405 1
-5420 0
-5435 1
-5449 0
-5464 0
-5479 1
-5494 0
-5509 0
-5524 1
-5539 0
-5555 0
-5570 1
-5585 0
-5600 0
-5616 0
-5631 1
-5647 0
-5663 1
-5678 0
-5694 0
-5710 1
-5726 0
-5742 0
-5758 0
-5774 1
-5790 0
-5806 1
-5823 0
-5839 0
-5855 1
-5872 0
-5889 1
-5905 0
-5922 0
-5939 0
-5956 0
-5973 0
-5990 1
-6007 0
-6024 1
-6041 0
-6058 1
-6075 0
-6093 0
-6110 0
-6128 1
-6145 0
-6162 1
-6180 0
-6197 0
-6215 0
-6232 1
-6250 0
-6267 0
-6285 0
-6303 1
-6320 0
-6338 0
-6355 1
-6373 0
-6390 1
-6408 0
-6425 0
-6443 1
-6460 0
-6478 0
-6495 0
-6512 1
-6529 0
-6547 0
-6564 0
-6581 1
-6598 0
-6615 1
-6631 0
-6648 0
-6665 0
-6681 1
-6698 0
-6714 0
-6730 0
-6746 1
-6762 0
-6778 1
-6794 0
-6810 0
-6825 0
-6841 1
-6856 0
-6871 1
-6886 0
-6900 0
-6915 0
-6930 0
-6944 1
-6958 0
-6972 0
-6986 0
-6999 1
-7013 0
-7026 1
-7039 0
-7052 0
-7064 0
-7077 1
-7089 0
-7101 0
-7113 1
-7124 0
-7136 0
-7147 0
-7158 1
-7169 0
-7179 0
-7190 1
-7200 0
-7210 0
-7219 1
-7229 0
-7238 0
-7247 0
-7256 0
-7264 1
-7273 0
-7281 0
-7288 0
-7296 1
-7303 0
-7311 1
-7317 0
-7324 0
-7331 0
-7337 1
-7343 0
-7348 0
-7354 1
-7359 0
-7364 0
-7369 0
-7374 0
-7378 1
-7382 0
-7386 1
-7390 0
-7393 0
-7397 0
-7400 0
-7403 1
-7406 0
-7409 0
-7412 1
-7414 0
-7416 0
-7419 0
-7421 1
-7422 0
-7424 0
-7426 1
-7427 0
-7428 0
-7429 0
-7430 1
-7431 0
-7431 0
-7431 1
-7431 0
-7431 0
-7431 0
-7430 0
-7430 0
-7428 1
-7427 0
-7425 1
-7423 0
-7421 0
-7418 1
-7415 0
-7412 0
-7408 0
-7404 1
-7400 0
-7395 0
-7390 0
-7385 1
-7379 0
-7373 0
-7367 0
-7360 1
-7353 0
-7346 0
-7338 1
-7329 0
-7321 0
-7312 0
-7302 1
-7293 0
-7282 0
-7272 1
-7261 0
-7249 0
-7238 0
-7225 0
-7213 1
-7200 0
-7186 0
-7173 1
-7158 0
-7144 0
-7129 0
-7113 1
-7097 0
-7081 0
-7065 1
-7047 0
-7030 0
-7012 1
-6994 0
-6975 0
-6956 1
-6937 0
-6917 0
-6897 0
-6876 0
-6855 0
-6834 1
-6812 0
-6790 0
-6767 1
-6744 0
-6721 1
-6697 0
-6673 0
-6649 0
-6624 0
-6599 1
-6574 0
-6548 1
-6522 0
-6495 0
-6468 0
-6441 1
-6414 0
-6386 0
-6358 1
-6329 0
-6301 0
-6272 0
-6242 0
-6213 1
-6183 0
-6152 1
-6122 0
-6091 0
-6060 0
-6028 1
-5997 0
-5965 1
-5933 0
-5900 0
-5867 0
-5835 0
-5801 1
-5768 0
-5734 1
-5700 0
-5666 0
-5632 1
-5597 0
-5562 0
-5527 1
-5492 0
-5456 0
-5420 0
-5384 0
-5348 1
-5312 0
-5275 1
-5238 0
-5202 0
-5164 1
-5127 0
-5089 1
-5052 0
-5014 0
-4976 0
-4937 0
-4899 1
-4860 0
-4822 1
-4783 0
-4743 1
-4704 0
-4664 0
-4625 0
-4585 1
-4545 0
-4504 0
-4464 1
-4423 0
-4383 0
-4342 1
-4300 0
-4259 0
-4217 1
-4176 0
-4134 1
-4092 0
-4049 0
-4007 1
-3964 0
-3921 1
-3878 0
-3835 0
-3791 1
-3748 0
-3704 0
-3660 0
-3615 1
-3571 0
-3526 1
-3481 0
-3436 0
-3390 1
-3345 0
-3299 1
-3253 0
-3207 0
-3160 1
-3114 0
-3067 1
-3020 0
-2972 0
-2925 0
-2877 1
-2829 1
-2781 0
-2732 0
-2683 1
-2634 0
-2585 0
-2536 1
-2486 0
-2436 1
-2386 0
-2336 1
-2285 0
-2234 1
-2183 0
-2132 0
-2080 0
-2028 1
-1976 0
-1924 1
-1872 0
-1819 1
-1766 0
-1713 0
-1660 1
-1606 0
-1552 1
-1498 0
-1444 1
-1390 0
-1335 1
-1280 0
-1225 1
-1170 0
-1114 0
-1059 1
-1003 0
-947 1
-891 0
-834 0
-778 1
-721 0
-664 1
-607 0
-550 1
-493 0
-435 1
-378 1
-320 0
-262 0
-204 1
-146 0
-88 0
-30 1
29 0
87 1
146 1
204 0
263 0
321 1
380 1
439 0
498 0
556 1
615 1
674 0
733 0
792 1
850 0
909 1
968 0
1027 1
1085 1
1144 0
1202 0
1261 1
1319 0
1377 1
1435 1
1493 0
1551 1
1609 0
1667 1
1724 0
1782 0
1839 1
1896 1
1953 0
2009 1
2066 0
2122 1
2178 0
2234 1
2290 1
2346 0
2401 1
2457 0
2512 1
2567 0
2622 1
2677 1
2732 0
2786 0
2841 1
2895 1
2949 0
3003 1
3056 0
3110 1
3163 0
3216 1
3269 1
3322 0
3374 1
3427 0
3479 1
3530 0
3582 1
3633 1
3685 1
3736 0
3786 1
3837 0
3887 1
3937 0
3987 1
4036 1
4085 0
4134 0
4183 1
4231 1
4280 1
4327 0
4375 1
4422 0
4469 1
4516 1
4563 0
4609 1
4655 1
4700 0
4745 1
4790 0
4835 1
4879 0
4923 1
4967 1
5010 0
5053 1
5096 1
5138 1
5181 0
5222 1
5264 0
5305 1
5345 1
5386 0
5426 1
5465 1
5505 0
5543 1
5582 1
5620 0
5658 1
5696 1
5733 0
5769 1
5806 0
5842 1
5877 1
5913 0
5947 1
5982 0
6016 1
6050 1
6083 1
6116 1
6148 1
6180 0
6212 1
6243 0
6274 1
6305 0
6335 1
6364 1
6394 1
6423 0
6451 1
6479 1
6507 0
6534 1
6561 1
6587 0
6613 1
6639 1
6664 1
6689 0
6713 1
6737 0
6760 1
6783 1
6806 1
6828 0
6850 1
6871 1
6892 0
6912 1
6933 1
6952 1
6972 0
6991 1
7009 1
7027 0
7045 1
7063 1
7080 0
7096 1
7113 1
7129 1
7144 0
7159 1
7174 1
7188 1
7202 0
7216 1
7229 1
7242 0
7254 1
7266 1
7278 0
7289 1
7300 1
7310 1
7320 0
7329 1
7338 1
7347 0
7355 1
7363 1
7370 1
7377 0
7384 1
7390 1
7395 0
7400 1
7405 1
7409 1
7413 1
7416 0
7419 1
7422 1
7424 0
7425 1
7426 1
7427 1
7427 0
7427 1
7426 1
7424 0
7423 1
7420 1
7418 0
7415 1
7411 1
7407 1
7402 0
7397 1
7392 1
7386 1
7379 1
7372 0
7365 1
7357 0
7348 1
7340 1
7330 1
7320 1
7310 0
7299 1
7288 1
7277 1
7265 0
7252 1
7239 0
7226 1
7212 1
7197 0
7183 1
7168 1
7152 1
7136 1
7119 1
7103 0
7085 1
7068 0
7050 1
7031 1
7012 1
6993 1
6973 0
6954 1
6933 0
6913 1
6892 1
6870 1
6849 0
6827 1
6804 1
6782 1
6759 0
6736 1
6712 1
6688 0
6664 1
6640 1
6615 1
6591 0
6566 1
6541 1
6515 0
6490 1
6464 1
6438 1
6412 0
6386 1
6359 0
6333 1
6307 1
6280 1
6254 1
6227 0
6201 1
6174 0
6148 1
6121 1
6095 1
6068 0
6042 1
6015 1
5989 1
5962 0
5936 1
5909 0
5883 1
5857 1
5830 0
5804 1
5778 1
5752 1
5726 0
5699 1
5673 1
5647 1
5620 0
5594 1
5568 0
5541 1
5515 1
5489 0
5462 1
5436 1
5409 0
5383 1
5357 1
5330 0
5304 1
5278 1
5251 1
5225 0
5199 1
5172 1
5146 0
5120 1
5094 0
5068 1
5042 1
5016 1
4990 0
4964 1
4938 0
4913 1
4887 1
4861 0
4836 1
4811 1
4785 1
4760 0
4735 1
4710 0
4685 1
4661 1
4636 0
4612 1
4588 1
4564 0
4540 1
4516 1
4492 0
4469 1
4446 0
4423 1
4400 1
4377 1
4355 0
4333 1
4311 0
4289 1
4268 1
4247 0
4226 1
4205 1
4185 0
4165 1
4145 0
4125 1
4106 1
4087 0
4069 1
4050 1
4032 0
4015 1
3998 1
3981 0
3964 1
3948 1
3932 0
3917 1
3902 0
3887 1
3873 0
3860 1
3846 1
3833 0
3821 1
3809 1
3797 0
3786 1
3775 1
3765 0
3755 1
3745 1
3737 0
3728 1
3720 0
3713 1
3706 0
3699 1
3693 0
3688 1
3683 1
3678 1
3674 0
3671 1
3668 0
3665 1
3663 1
3662 1
3661 0
3660 0
3661 1
3661 1
3662 0
3664 1
3666 1
3669 0
3672 1
3676 1
3680 0
3685 0
3690 1
3696 1
3702 0
3709 1
3716 1
3723 0
3731 1
3740 0
3749 1
3759 1
3769 0
3779 1
3790 1
3802 0
3813 1
3826 1
3838 0
3852 1
3865 0
3880 1
3894 0
3909 1
3925 0
3940 1
3957 1
3973 1
3991 0
4008 1
4026 0
4044 1
4063 1
4082 0
4102 1
4122 1
4142 0
4163 1
4184 0
4205 1
4227 1
4249 0
4271 1
4294 0
4317 1
4341 1
4364 0
4388 1
4413 0
4437 1
4462 1
4488 1
4513 0
4539 1
4565 0
4592 1
4618 0
4645 1
4672 1
4700 1
4727 0
4755 1
4783 0
4812 1
4840 1
4869 0
4898 1
4927 1
4956 0
4986 1
5015 0
5045 1
5075 1
5105 1
5136 0
5166 1
5197 0
5228 1
5258 1
5289 0
5320 1
5352 0
5383 1
5414 1
5446 1
5477 0
5509 1
5541 0
5573 1
5604 1
5636 1
5668 0
5700 1
5732 1
5764 0
5796 1
5829 0
5861 1
5893 1
5925 0
5957 1
5989 1
6021 1
6053 0
6086 1
6118 1
6150 0
6182 1
6214 0
6245 1
6277 1
6309 0
6341 1
6372 1
6404 1
6436 0
6468 1
6499 1
6531 0
6562 1
6594 1
6625 1
6656 0
6688 1
6719 0
6750 1
6781 1
6811 1
6842 0
6873 1
6903 1
6933 0
6963 1
6993 1
7023 0
7052 1
7082 1
7111 0
7139 1
7168 1
7196 1
7224 1
7252 0
7279 1
7306 0
7333 1
7359 1
7385 1
7411 1
7436 0
7461 1
7486 0
7510 1
7534 1
7558 1
7581 0
7603 1
7625 1
7647 1
7669 0
7690 1
7710 1
7730 0
7749 1
7769 1
7787 1
7805 0
7823 1
7840 1
7856 1
7873 0
7888 1
7903 1
7918 1
7932 0
7945 1
7958 1
7971 0
7983 1
7994 1
8005 1
8015 0
8024 1
8034 1
8042 1
8050 0
8057 1
8064 1
8070 0
8076 1
8081 1
8086 1
8090 1
8093 0
8096 1
8098 1
8099 1
8100 1
8101 0
8100 1
8099 0
8098 1
8096 1
8093 1
8090 0
8086 1
8082 1
8077 1
8071 1
8065 0
8058 1
8051 1
8043 0
8034 1
8025 1
8015 1
8005 0
7994 1
7982 1
7970 1
7958 1
7944 0
7930 1
7916 1
7901 0
7885 1
7869 1
7852 1
7834 0
7816 1
7798 1
7779 1
7759 0
7739 1
7718 1
7696 1
7674 0
7652 1
7628 1
7605 1
7580 0
7556 1
7530 1
7504 1
7478 0
7450 1
7423 1
7395 1
7366 0
7336 1
7307 0
7276 1
7245 1
7214 1
7181 1
7148 0
7115 1
7081 1
7046 1
7011 0
6975 1
6938 0
6901 1
6863 1
6825 1
6786 1
6746 1
6706 0
6665 1
6624 1
6582 0
6539 1
6496 1
6452 0
6408 1
6363 1
6318 0
6272 1
6226 1
6179 0
6131 1
6083 1
6035 1
5986 0
5936 1
5886 1
5836 1
5785 0
5733 1
5681 0
5629 1
5576 1
5522 1
5469 1
5414 0
5359 1
5304 1
5249 0
5193 1
5136 0
5080 1
5022 1
4965 0
4907 1
4848 0
4790 1
4730 1
4671 1
4611 1
4551 0
4491 1
4430 1
4369 0
4307 1
4245 0
4183 1
4121 1
4058 0
3995 1
3932 1
3869 1
3805 0
3741 0
3677 1
3612 1
3547 0
3482 1
3417 1
3352 1
3286 0
3220 0
3154 1
3088 1
3022 1
2955 0
2888 1
2821 0
2754 1
2687 0
2619 1
2552 1
2484 1
2416 0
2348 0
2280 1
2211 1
2143 1
2074 0
2006 0
1937 1
1868 1
1799 0
1730 1
1661 1
1591 0
1522 1
1452 0
1383 1
1313 0
1243 1
1173 0
1103 1
1033 0
963 1
893 1
823 0
753 1
683 0
612 1
542 0
471 1
400 1
329 0
258 1
187 0
116 1
45 0
-27 1
-98 0
-169 1
-241 0
-313 1
-384 0
-456 1
-528 0
-600 1
-671 0
-743 1
-815 1
-887 0
-959 0
-1030 1
-1102 0
-1174 1
-1245 0
-1317 1
-1388 0
-1459 1
-1530 1
-1601 0
-1671 0
-1742 1
-1812 0
-1882 0
-1952 1
-2022 1
-2091 0
-2160 0
-2229 1
-2298 1
-2366 0
-2434 0
-2502 1
-2570 0
-2637 1
-2705 0
-2771 1
-2838 0
-2904 1
-2970 0
-3035 1
-3100 0
-3165 0
-3230 0
-3294 1
-3358 0
-3421 1
-3484 0
-3547 1
-3610 0
-3672 0
-3733 1
-3794 1
-3855 0
-3916 0
-3976 1
-4035 0
-4095 0
-4153 1
-4212 0
-4270 1
-4328 0
-4385 1
-4442 0
-4498 0
-4554 0
-4610 1
-4665 1
-4719 0
-4774 0
-4828 0
-4881 1
-4934 0
-4987 0
-5039 1
-5091 0
-5142 1
-5193 0
-5243 0
-5293 1
-5343 0
-5392 1
-5441 0
-5489 0
-5537 1
-5585 0
-5632 0
-5679 1
-5725 0
-5771 0
-5816 0
-5861 1
-5906 0
-5950 1
-5994 0
-6037 0
-6080 1
-6122 0
-6164 0
-6206 1
-6247 0
-6288 0
-6329 1
-6369 0
-6408 0
-6447 0
-6486 1
-6525 0
-6563 1
-6600 0
-6638 0
-6674 1
-6711 0
-6747 0
-6782 0
-6818 0
-6852 1
-6887 0
-6921 1
-6955 0
-6988 0
-7021 1
-7053 0
-7085 0
-7117 1
-7148 0
-7179 0
-7209 0
-7239 0
-7269 1
-7298 0
-7326 0
-7355 1
-7382 0
-7409 0
-7436 1
-7462 0
-7488 0
-7513 0
-7538 1
-7562 0
-7586 0
-7609 1
-7632 0
-7654 0
-7676 1
-7698 0
-7719 0
-7739 0
-7759 0
-7779 1
-7798 0
-7816 0
-7834 1
-7852 0
-7869 0
-7886 0
-7902 0
-7918 1
-7933 0
-7948 1
-7963 0
-7976 0
-7990 0
-8003 0
-8016 1
-8028 0
-8039 0
-8051 1
-8061 0
-8072 0
-8082 0
-8091 1
-8100 0
-8109 0
-8117 0
-8125 1
-8132 0
-8139 0
-8145 0
-8151 1
-8157 0
-8162 0
-8167 0
-8171 0
-8175 1
-8178 0
-8182 1
-8184 0
-8187 0
-8188 0
-8190 0
-8191 0
-8192 1
-8192 0
-8192 1
-8191 0
-8191 0
-8189 0
-8188 1
-8186 0
-8183 0
-8180 0
-8177 0
-8174 0
-8170 1
-8165 0
-8161 0
-8156 1
-8150 0
-8144 0
-8138 0
-8132 1
-8125 0
-8117 0
-8110 1
-8102 0
-8093 0
-8085 0
-8076 0
-8066 1
-8056 0
-8046 0
-8036 0
-8025 1
-8014 0
-8002 0
-7990 0
-7978 1
-7965 0
-7952 0
-7939 0
-7925 1
-7911 0
-7897 0
-7882 0
-7867 1
-7851 0
-7836 0
-7819 1
-7803 0
-7786 0
-7769 0
-7751 1
-7733 0
-7715 0
-7697 0
-7678 0
-7659 1
-7639 0
-7620 0
-7600 0
-7579 1
-7559 0
-7538 1
-7517 0
-7495 0
-7473 0
-7451 0
-7429 0
-7406 1
-7383 0
-7359 1
-7335 0
-7311 0
-7287 0
-7262 0
-7236 1
-7211 0
-7185 1
-7159 0
-7132 0
-7105 0
-7078 0
-7050 1
-7023 0
-6994 0
-6966 0
-6937 1
-6908 0
-6878 0
-6849 1
-6818 0
-6788 0
-6757 1
-6726 0
-6695 0
-6663 0
-6631 1
-6598 0
-6565 0
-6532 1
-6499 0
-6465 0
-6431 0
-6397 0
-6362 1
-6327 0
-6291 0
-6256 1
-6220 0
-6183 1
-6147 0
-6110 0
-6072 0
-6035 1
-5997 0
-5959 0
-5920 0
-5882 1
-5843 0
-5803 1
-5764 0
-5724 0
-5684 0
-5643 1
-5603 0
-5562 0
-5520 0
-5479 1
-5437 0
-5395 1
-5353 0
-5310 1
-5268 0
-5225 0
-5182 0
-5138 0
-5094 1
-5051 0
-5007 0
-4962 1
-4918 0
-4873 0
-4828 1
-4783 0
-4738 1
-4693 0
-4647 0
-4601 0
-4556 1
-4510 0
-4463 1
-4417 0
-4371 0
-4324 1
-4277 0
-4230 0
-4183 1
-4136 0
-4089 1
-4042 0
-3994 0
-3947 0
-3899 1
-3851 0
-3804 0
-3756 1
-3708 0
-3660 0
-3612 1
-3564 0
-3516 1
-3467 0
-3419 1
-3371 0
-3323 0
-3274 1
-3226 0
-3178 1
-3129 0
-3081 0
-3032 1
-2984 0
-2935 0
-2887 0
-2838 1
-2790 1
-2742 0
-2693 0
-2645 1
-2596 0
-2548 0
-2500 1
-2451 0
-2403 1
-2354 0
-2306 0
-2258 1
-2209 1
-2161 0
-2112 0
-2064 1
-2016 0
-1967 0
-1919 1
-1870 0
-1822 1
-1774 0
-1725 1
-1677 0
-1629 1
-1581 0
-1532 0
-1484 1
-1436 0
-1388 0
-1340 1
-1291 0
-1243 1
-1195 0
-1147 1
-1099 1
-1051 0
-1004 0
-956 0
-908 1
-860 1
-812 0
-765 0
-717 1
-670 0
-622 1
-575 0
-528 1
-480 0
-433 1
-386 0
-339 1
-292 0
-245 1
-198 0
-151 1
-105 0
-58 0
-12 1
35 0
81 1
127 0
174 1
220 0
266 1
312 0
357 1
403 1
449 0
494 0
539 1
585 0
630 1
675 0
720 1
765 0
809 1
854 0
898 1
943 0
987 1
1031 0
1075 1
1119 1
1162 0
1206 1
1249 0
1293 0
1336 1
1379 1
1422 0
1464 1
1507 0
1549 0
1592 1
1634 1
1676 0
1718 1
1759 0
1801 1
1842 0
1883 1
1924 0
1965 1
2006 1
2046 0
2086 1
2127 0
2167 1
2206 0
2246 1
2285 0
2325 1
2364 1
2402 0
2441 1
2480 0
2518 1
2556 0
2594 1
2631 0
2669 1
2706 1
2743 0
2780 1
2816 0
2853 1
2889 0
2924 1
2959 0
2994 1
3029 1
3064 0
3098 1
3132 0
3166 1
3199 1
3232 0
3265 1
3298 1
3330 0
3362 1
3394 0
3425 1
3457 0
3488 1
3519 1
3549 0
3580 1
3610 0
3640 1
3670 0
3699 1
3728 0
3757 1
3786 1
3815 0
3843 1
3871 1
3899 1
3927 0
3954 1
3982 0
4009 1
4036 0
4062 1
4089 0
4115 1
4141 1
4167 1
4192 0
4218 1
4243 0
4268 1
4293 1
4317 0
4341 1
4366 0
4389 1
4413 1
4437 0
4460 1
4483 0
4506 1
4528 1
4551 0
4573 1
4595 1
4616 0
4638 1
4659 1
4680 0
4701 1
4721 0
4741 1
4761 1
4781 1
4800 0
4820 1
4839 0
4857 1
4876 0
4894 1
4911 1
4929 1
4946 0
4963 1
4980 0
4996 1
5012 1
5028 0
5043 1
5058 1
5073 0
5087 1
5101 1
5115 0
5128 1
5141 0
5153 1
5166 1
5178 1
5189 0
5200 1
5211 0
5221 1
5231 1
5241 1
5250 0
5259 1
5267 0
5275 1
5283 1
5290 0
5296 1
5303 1
5308 0
5314 1
5319 1
5323 0
5327 1
5331 1
5334 0
5336 1
5339 1
5340 0
5342 1
5342 1
5343 0
5342 1
5342 0
5341 1
5339 1
5337 0
5334 1
5331 1
5328 1
5324 1
5319 0
5314 1
5309 0
5303 1
5296 0
5289 1
5282 1
5274 0
5265 1
5256 1
5247 1
5237 0
5226 1
5216 1
5204 0
5192 1
5180 1
5167 0
5154 1
5140 0
5126 1
5111 0
5096 1
5081 1
5065 1
5048 1
5032 0
5014 1
4997 0
4978 1
4960 1
4941 1
4921 0
4902 1
4881 0
4861 1
4840 0
4819 1
4797 1
4775 1
4752 0
4729 1
4706 1
4683 0
4659 1
4634 1
4610 0
4585 1
4560 1
4534 0
4508 1
4482 0
4456 1
4429 1
4402 0
4375 1
4347 0
4319 1
4291 1
4263 0
4234 1
4205 1
4176 1
4147 0
4117 1
4087 1
4057 0
4027 1
3997 0
3966 1
3935 1
3904 0
3873 1
3841 0
3810 1
3778 1
3746 0
3714 1
3681 1
3649 0
3616 1
3584 0
3551 1
3518 1
3484 0
3451 1
3418 1
3384 0
3350 1
3316 0
3282 1
3248 0
3214 1
3180 1
3145 1
3111 0
3076 1
3041 0
3006 1
2971 1
2936 0
2901 1
2866 0
2830 1
2795 0
2759 1
2723 1
2688 0
2652 1
2616 1
2580 0
2543 1
2507 0
2471 1
2434 0
2397 1
2361 0
2324 1
2287 1
2250 1
2213 0
2175 1
2138 0
2101 0
2064 1
2026 1
1989 1
1952 0
1914 0
1877 1
1839 1
1801 0
1764 1
1726 1
1688 0
1650 1
1612 0
1574 0
1536 1
1497 1
1459 0
1420 1
1382 1
1343 0
1304 1
1265 0
1226 1
1187 0
1147 0
1108 1
1069 1
1030 1
990 0
951 0
911 1
871 1
832 0
792 1
752 0
713 1
673 1
633 0
593 0
553 1
512 0
472 1
432 1
392 0
351 1
311 0
271 0
230 1
190 1
149 0
108 0
68 1
27 1
-14 0
-55 1
-95 0
-136 1
-177 1
-218 0
-259 0
-300 1
-340 0
-381 1
-422 1
-463 0
-504 0
-545 1
-586 0
-627 1
-667 0
-708 1
-749 0
-789 1
-830 0
-871 1
-911 0
-951 1
-992 0
-1032 1
-1072 0
-1112 1
-1152 0
-1192 1
-1232 0
-1272 1
-1311 0
-1351 1
-1390 0
-1429 0
-1468 1
-1507 1
-1545 0
-1584 0
-1622 1
-1660 0
-1698 1
-1736 0
-1774 1
-1811 0
-1848 1
-1885 0
-1922 0
-1958 1
-1994 1
-2030 0
-2066 0
-2101 1
-2136 0
-2171 1
-2206 0
-2240 1
-2274 0
-2308 0
-2342 1
-2375 1
-2408 0
-2440 0
-2472 1
-2504 0
-2536 1
-2567 0
-2598 0
-2628 1
-2659 0
-2689 1
-2718 0
-2747 0
-2776 1
-2804 1
-2832 0
-2860 0
-2887 1
-2914 0
-2941 1
-2967 0
-2993 0
-3018 1
-3043 0
-3068 1
-3092 0
-3116 1
-3139 0
-3163 0
-3185 1
-3208 0
-3230 0
-3251 1
-3273 0
-3294 1
-3314 1
-3334 0
-3354 0
-3374 0
-3393 1
-3411 0
-3430 1
-3448 0
-3465 0
-3482 1
-3499 0
-3516 1
-3532 0
-3548 0
-3563 1
-3578 0
-3593 1
-3608 0
-3622 0
-3635 1
-3649 0
-3662 1
-3675 0
-3687 1
-3699 0
-3711 0
-3722 1
-3733 0
-3744 0
-3755 1
-3765 0
-3775 0
-3784 1
-3794 0
-3803 1
-3811 0
-3820 0
-3828 1
-3836 0
-3843 1
-3850 0
-3857 1
-3864 0
-3870 0
-3877 1
-3882 0
-3888 0
-3893 1
-3899 0
-3903 0
-3908 1
-3912 0
-3916 0
-3920 1
-3924 0
-3927 1
-3930 0
-3933 1
-3936 0
-3938 1
-3940 0
-3942 0
-3944 1
-3945 0
-3946 0
-3947 0
-3948 1
-3949 0
-3949 1
-3949 0
-3949 0
-3948 1
-3948 0
-3947 1
-3946 0
-3945 0
-3943 1
-3941 0
-3940 1
-3937 0
-3935 0
-3932 1
-3929 0
-3926 0
-3923 1
-3919 0
-3916 1
-3912 0
-3907 0
-3903 1
-3898 0
-3893 0
-3888 1
-3883 0
-3877 1
-3871 0
-3865 0
-3858 1
-3852 0
-3845 1
-3837 0
-3830 0
-3822 1
-3814 0
-3806 0
-3797 1
-3788 0
-3779 0
-3770 1
-3760 0
-3750 1
-3739 0
-3728 1
-3717 0
-3706 0
-3694 0
-3682 1
-3670 0
-3657 1
-3644 0
-3631 1
-3617 0
-3603 1
-3589 0
-3575 0
-3560 0
-3544 1
-3529 0
-3513 1
-3497 0
-3481 0
-3464 1
-3447 0
-3430 0
-3413 1
-3395 0
-3377 1
-3359 0
-3341 0
-3322 1
-3304 0
-3285 1
-3266 0
-3246 1
-3227 0
-3207 0
-3187 1
-3166 0
-3146 1
-3125 0
-3104 0
-3083 1
-3062 0
-3040 0
-3018 1
-2996 0
-2974 0
-2952 1
-2929 0
-2906 1
-2883 0
-2860 1
-2837 0
-2813 1
-2789 0
-2765 0
-2741 1
-2717 0
-2692 0
-2668 1
-2643 0
-2617 1
-2592 0
-2567 1
-2541 0
-2515 0
-2489 1
-2462 0
-2436 1
-2409 0
-2382 0
-2355 1
-2328 0
-2300 1
-2273 0
-2245 0
-2217 1
-2189 1
-2160 0
-2132 0
-2103 0
-2074 1
-2044 1
-2015 0
-1985 0
-1955 1
-1925 0
-1895 1
-1865 0
-1834 1
-1803 0
-1772 0
-1741 1
-1709 0
-1678 0
-1646 1
-1614 1
-1581 0
-1549 0
-1516 1
-1483 0
-1450 1
-1417 0
-1383 1
-1350 0
-1316 1
-1282 0
-1247 1
-1213 0
-1178 0
-1143 1
-1108 0
-1072 0
-1037 1
-1001 1
-965 0
-928 0
-892 1
-855 0
-818 1
-781 0
-744 1
-707 1
-669 0
-631 0
-593 1
-554 0
-516 1
-477 0
-438 0
-399 1
-360 0
-320 1
-281 0
-241 1
-201 1
-161 0
-120 0
-80 1
-39 0
1 1
42 0
83 1
124 1
166 0
207 0
249 1
290 0
332 1
374 0
416 0
458 1
501 1
543 0
586 0
628 1
671 1
714 0
757 1
800 0
844 1
887 1
930 0
974 0
1018 1
1062 0
1105 1
1149 0
1194 1
1238 0
1282 1
1327 0
1371 1
1416 1
1461 0
1505 0
1550 1
1595 1
1641 0
1686 0
1731 1
1777 1
1822 0
1868 1
1913 1
1959 0
2005 0
2051 1
2097 0
2143 1
2189 1
2235 0
2281 1
2327 0
2374 1
2420 0
2467 1
2513 0
2560 1
2606 1
2653 0
2700 1
2747 0
2793 1
2840 0
2887 1
2934 0
2981 1
3028 1
3075 0
3122 1
3169 1
3216 0
3263 1
3310 0
3357 1
3404 0
3451 1
3498 0
3545 1
3591 1
3638 0
3685 1
3732 0
3779 1
3825 1
3872 0
3919 1
3965 1
4012 0
4058 0
4104 1
4150 1
4196 1
4242 0
4288 1
4334 0
4380 1
4425 0
4471 1
4516 1
4561 0
4606 1
4651 1
4696 0
4741 1
4785 1
4829 0
4873 1
4917 0
4961 1
5004 1
5047 0
5090 1
5132 1
5175 0
5217 1
5258 0
5300 1
5341 1
5382 1
5422 0
5463 1
5502 0
5542 1
5581 1
5620 0
5659 1
5697 1
5735 0
5773 1
5810 0
5848 1
5884 1
5921 1
5957 0
5992 1
6028 1
6063 1
6098 0
6133 1
6167 0
6201 1
6234 0
6268 1
6301 1
6333 1
6366 0
6398 1
6429 1
6461 1
6492 0
6522 1
6553 1
6583 0
6612 1
6642 0
6671 1
6699 1
6728 1
6755 0
6783 1
6810 0
6837 1
6863 1
6890 1
6915 1
6941 0
6966 1
6990 1
7014 1
7038 0
7061 1
7084 0
7107 1
7129 1
7151 0
7172 1
7193 1
7213 1
7233 0
7253 1
7272 1
7290 1
7309 0
7326 1
7344 1
7360 0
7377 1
7393 1
7408 1
7423 0
7437 1
7451 0
7464 1
7477 1
7489 1
7501 1
7513 0
7523 1
7533 1
7543 1
7552 0
7561 1
7569 1
7576 1
7583 0
7589 1
7595 0
7600 1
7604 1
7608 1
7612 0
7614 1
7617 1
7618 1
7619 0
7619 1
7619 1
7618 0
7616 1
7614 1
7611 1
7607 1
7603 1
7598 0
7593 1
7587 1
7580 0
7572 1
7564 0
7555 1
7546 1
7535 1
7525 1
7513 0
7501 1
7488 1
7474 0
7460 1
7445 1
7429 1
7413 0
7396 1
7378 1
7360 1
7341 0
7321 1
7300 1
7279 1
7257 0
7235 1
7211 1
7187 1
7163 0
7137 1
7111 1
7084 0
7057 1
7029 0
7000 1
6970 1
6940 1
6909 1
6878 1
6846 0
6813 1
6779 1
6745 0
6710 1
6675 1
6639 0
6602 1
6565 1
6527 1
6489 0
6449 1
6410 1
6369 0
6329 1
6287 1
6245 0
6203 1
6159 1
6116 1
6072 1
6027 0
5982 1
5936 0
5890 1
5843 1
5796 1
5748 0
5700 1
5651 1
5602 0
5552 1
5502 1
5452 0
5401 1
5350 0
5298 1
5246 1
5193 1
5141 1
5087 0
5034 1
4980 1
4926 0
4871 1
4816 0
4761 1
4705 1
4649 1
4593 0
4536 1
4479 0
4422 1
4365 1
4307 0
4249 1
4191 1
4133 0
4074 1
4015 1
3956 1
3897 0
3838 1
3778 0
3718 1
3658 0
3598 1
3537 1
3477 0
3416 1
3355 0
3294 1
3232 1
3171 1
3110 0
3048 1
2986 1
2924 0
2862 1
2800 0
2738 1
2675 1
2613 0
2550 0
2487 1
2425 1
2362 0
2299 1
2236 1
2172 0
2109 1
2046 1
1983 0
1919 0
1856 1
1792 1
1728 0
1665 1
1601 0
1537 1
1473 1
1409 0
1345 1
1281 0
1217 1
1153 1
1089 0
1025 1
961 0
897 1
833 0
769 1
705 0
641 0
577 1
512 1
448 1
384 0
320 1
256 0
191 0
127 1
63 1
-1 0
-66 1
-130 0
-194 1
-258 0
-322 1
-386 1
-449 0
-513 0
-576 1
-640 0
-703 1
-766 1
-829 0
-892 0
-954 1
-1017 0
-1079 1
-1142 0
-1204 1
-1265 0
-1327 1
-1389 0
-1450 1
-1511 0
-1572 0
-1632 1
-1693 1
-1753 0
-1813 1
-1873 0
-1933 1
-1992 0
-2051 1
-2110 0
-2169 0
-2227 1
-2285 0
-2343 1
-2400 0
-2458 1
-2515 0
-2571 1
-2628 0
-2684 1
-2739 0
-2795 0
-2850 0
-2905 1
-2959 0
-3013 1
-3067 1
-3120 0
-3173 0
-3226 1
-3278 0
-3330 0
-3382 1
-3433 1
-3484 0
-3534 0
-3584 1
-3634 0
-3683 0
-3732 1
-3780 0
-3828 1
-3875 0
-3922 1
-3969 0
-4015 1
-4060 0
-4105 0
-4150 0
-4194 1
-4238 0
-4281 1
-4324 0
-4366 0
-4408 1
-4449 0
-4490 1
-4530 0
-4569 0
-4609 0
-4647 1
-4685 0
-4723 1
-4760 0
-4796 1
-4832 0
-4867 0
-4902 1
-4936 0
-4970 1
-5003 0
-5035 0
-5067 1
-5098 0
-5129 0
-5159 0
-5188 1
-5217 0
-5246 1
-5273 0
-5300 0
-5327 0
-5353 1
-5378 0
-5402 1
-5426 0
-5450 1
-5473 0
-5495 0
-5516 1
-5537 0
-5557 0
-5577 0
-5596 1
-5614 0
-5632 0
-5649 1
-5666 0
-5682 0
-5697 1
-5712 0
-5726 0
-5740 1
-5753 0
-5766 1
-5777 0
-5789 0
-5799 1
-5809 0
-5819 0
-5827 0
-5836 1
-5843 0
-5850 0
-5857 1
-5862 0
-5868 0
-5872 1
-5876 0
-5879 0
-5882 1
-5884 0
-5886 0
-5887 1
-5887 0
-5887 0
-5886 1
-5884 0
-5882 0
-5879 1
-5876 0
-5872 0
-5867 1
-5862 0
-5856 0
-5849 0
-5842 1
-5835 0
-5826 0
-5818 1
-5808 0
-5798 0
-5787 1
-5776 0
-5764 0
-5751 1
-5738 0
-5724 0
-5710 1
-5695 0
-5679 0
-5663 1
-5647 0
-5629 1
-5611 0
-5593 0
-5574 0
-5554 0
-5534 1
-5513 0
-5492 1
-5470 0
-5447 0
-5424 0
-5400 1
-5376 0
-5351 0
-5326 1
-5300 0
-5273 1
-5246 0
-5219 0
-5191 1
-5162 0
-5133 0
-5103 0
-5073 1
-5042 0
-5011 0
-4979 1
-4947 0
-4914 1
-4881 0
-4847 0
-4813 0
-4778 1
-4743 0
-4707 1
-4671 0
-4635 0
-4598 0
-4560 1
-4522 0
-4484 1
-4445 0
-4406 1
-4366 0
-4326 0
-4286 0
-4245 1
-4204 0
-4162 0
-4120 1
-4078 0
-4035 0
-3992 1
-3948 0
-3905 1
-3861 0
-3816 0
-3771 1
-3726 0
-3681 1
-3635 0
-3589 0
-3543 0
-3496 1
-3449 0
-3402 1
-3355 0
-3307 0
-3259 1
-3211 0
-3162 1
-3114 0
-3065 1
-3016 0
-2967 0
-2917 0
-2868 1
-2818 0
-2768 1
-2718 0
-2667 0
-2617 1
-2566 0
-2515 1
-2464 0
-2412 1
-2361 0
-2309 0
-2257 1
-2206 0
-2153 1
-2101 0
-2049 1
-1996 0
-1944 0
-1891 0
-1838 1
-1785 0
-1732 1
-1679 0
-1625 1
-1572 0
-1518 1
-1465 0
-1411 1
-1357 0
-1304 0
-1250 1
-1196 0
-1142 1
-1088 0
-1034 1
-980 0
-925 1
-871 0
-817 0
-763 1
-709 0
-655 1
-600 0
-546 1
-492 0
-438 1
-383 0
-329 0
-275 1
-221 0
-167 1
-113 1
-59 0
-5 0
49 1
103 0
157 1
210 0
264 1
318 1
371 0
425 0
478 1
531 0
584 1
638 0
691 1
743 0
796 1
849 0
901 1
954 0
1006 1
1058 0
1110 1
1162 0
1214 1
1266 0
1317 1
1368 1
1420 0
1471 0
1522 1
1572 0
1623 1
1673 1
1723 0
1773 1
1823 0
1873 1
1922 0
1972 1
2021 0
2070 1
2118 0
2167 1
2215 0
2263 1
2311 0
2359 1
2407 1
2454 1
2501 0
2548 0
2594 1
2641 1
2687 0
2733 1
2779 0
2824 1
2869 0
2914 1
2959 0
3004 1
3048 0
3092 1
3136 1
3179 0
3223 1
3266 1
3308 0
3351 1
3393 0
3435 1
3476 0
3518 1
3559 1
3599 0
3640 1
3680 0
3719 1
3759 0
3798 1
3837 1
3876 0
3914 1
3952 1
3989 0
4027 1
4064 1
4101 0
4137 1
4173 0
4209 1
4245 0
4280 1
4316 1
4350 0
4385 1
4419 1
4453 0
4487 1
4520 0
4553 1
4586 0
4619 1
4651 1
4684 0
4715 1
4747 1
4778 1
4810 0
4840 1
4871 0
4901 1
4932 1
4962 1
4991 0
5021 0
5050 1
5079 1
5108 0
5136 1
5165 1
5193 1
5221 0
5249 1
5276 0
5303 1
5331 0
5357 1
5384 1
5411 0
5437 1
5463 1
5489 1
5515 0
5541 1
5566 1
5591 0
5616 1
5641 1
5666 0
5690 1
5715 0
5739 1
5763 1
5787 1
5810 0
5834 1
5857 1
5880 0
5903 1
5926 0
5948 1
5971 1
5993 0
6015 1
6037 1
6059 0
6081 1
6102 1
6123 1
6144 0
6165 1
6186 1
6207 0
6227 1
6247 1
6267 1
6287 0
6307 1
6326 0
6345 1
6365 1
6383 1
6402 0
6421 1
6439 0
6457 1
6475 1
6493 0
6510 1
6528 1
6545 1
6562 0
6578 1
6594 1
6610 0
6626 1
6641 1
6656 1
6671 0
6686 1
6700 1
6714 0
6727 1
6741 1
6754 0
6766 1
6779 1
6791 1
6803 0
6815 1
6826 1
6837 0
6848 1
6858 1
6869 0
6879 1
6888 1
6898 1
6908 0
6917 1
6926 0
6935 1
6944 1
6953 1
6961 1
6969 0
6978 1
6986 1
6993 0
7001 1
7009 1
7016 1
7024 0
7031 1
7038 0
7045 1
7052 1
7059 1
7065 1
7072 0
7078 1
7085 1
7091 0
7097 1
7103 0
7109 1
7115 1
7120 1
7126 1
7132 0
7137 1
7142 1
7148 1
7153 0
7158 1
7163 1
7167 0
7172 1
7177 1
7181 0
7186 1
7190 1
7194 1
7198 0
7202 1
7206 1
7210 0
7214 1
7217 1
7221 1
7224 0
7227 1
7230 1
7233 1
7236 0
7239 1
7241 1
7244 0
7246 1
7248 1
7250 1
7252 0
7253 1
7255 1
7256 0
7257 1
7258 1
7259 1
7260 0
7260 1
7260 0
7261 1
7260 1
7260 1
7260 1
7259 1
7258 0
7257 1
7256 1
7254 0
7252 1
7250 1
7248 0
7246 1
7243 1
7240 1
7237 0
7234 1
7230 1
7226 0
7222 1
7218 1
7213 1
7208 0
7203 1
7198 1
7192 0
7186 1
7180 1
7174 1
7167 0
7160 1
7153 1
7145 1
7137 0
7129 1
7121 1
7112 1
7104 0
7094 1
7085 0
7075 1
7066 1
7056 1
7045 1
7035 0
7024 1
7013 1
7002 0
6991 1
6980 1
6968 0
6956 1
6944 1
6932 0
6920 1
6907 1
6894 1
6881 1
6868 0
6855 1
6841 1
6827 1
6813 0
6799 1
6785 0
6770 1
6755 1
6740 1
6725 0
6710 1
6694 1
6679 0
6663 1
6646 1
6630 1
6614 0
6597 1
6580 1
6563 0
6545 1
6528 1
6510 1
6492 0
6474 1
6456 1
6437 0
6419 1
6400 1
6381 0
6361 1
6342 1
6322 0
6302 1
6282 1
6262 1
6241 1
6221 0
6200 1
6179 1
6158 0
6136 1
6115 0
6093 1
6071 1
6049 1
6026 0
6004 1
5981 1
5958 0
5935 1
5912 1
5888 0
5865 1
5841 1
5817 0
5793 1
5769 1
5744 1
5720 0
5695 1
5670 1
5645 1
5620 0
5595 1
5569 0
5543 1
5518 1
5492 0
5466 1
5440 0
5413 1
5387 1
5360 1
5334 1
5307 0
5280 1
5253 0
5226 1
5199 1
5172 1
5144 0
5117 1
5089 0
5062 1
5034 1
5006 1
4979 0
4951 1
4923 0
4895 1
4867 1
4839 0
4811 1
4783 0
4754 1
4726 1
4698 1
4670 1
4642 0
4614 1
4586 0
4558 1
4530 1
4503 0
4475 1
4448 1
4420 0
4393 1
4365 0
4338 1
4311 1
4284 1
4257 0
4230 0
4203 1
4176 1
4149 1
4123 0
4096 1
4070 1
4043 0
4017 1
3991 0
3965 1
3939 0
3912 1
3886 1
3861 1
3835 0
3809 1
3783 1
3757 0
3732 1
3706 0
3681 1
3655 1
3630 0
3605 1
3579 0
3554 1
3529 1
3504 0
3479 1
3454 1
3430 0
3405 1
3380 0
3356 1
3331 0
3307 1
3283 1
3258 0
3234 1
3210 0
3187 1
3163 1
3139 1
3116 0
3092 1
3069 1
3046 0
3023 0
3000 1
2977 1
2955 0
2932 1
2910 1
2887 0
2865 1
2844 0
2822 1
2800 0
2779 1
2758 0
2737 1
2716 1
2695 0
2675 1
2655 0
2634 1
2615 1
2595 1
2576 0
2556 1
2537 0
2519 1
2500 0
2482 1
2464 0
2446 1
2429 1
2412 0
2395 1
2378 0
2362 1
2345 1
2330 0
2314 1
2299 0
2284 1
2269 0
2255 1
2241 0
2227 1
2214 1
2201 0
2188 1
2176 0
2164 1
2152 1
2141 0
2130 1
2119 0
2109 1
2099 0
2089 1
2080 1
2071 0
2063 0
2054 1
2047 1
2039 1
2032 0
2026 1
2020 0
2014 1
2009 0
2004 0
1999 1
1995 1
1991 1
1988 0
1984 0
1982 1
1980 1
1978 0
1976 1
1975 0
1975 1
1974 1
1974 0
1975 1
1975 0
1977 1
1978 0
1980 1
1982 0
1984 1
1987 1
1991 0
1994 1
1998 0
2002 1
2007 0
2012 1
2017 0
2023 1
2029 0
2036 1
2042 1
2049 0
2057 1
2064 1
2073 0
2081 1
2090 0
2099 1
2108 0
2118 1
2128 0
2139 1
2149 0
2160 1
2172 0
2183 1
2195 1
2208 0
2220 1
2233 1
2246 0
2260 0
2274 1
2288 1
2302 0
2317 1
2332 0
2347 1
2363 1
2379 0
2395 0
2411 1
2428 1
2445 0
2462 1
2480 1
2498 0
2516 0
2534 1
2552 1
2571 0
2590 1
2609 1
2629 0
2649 1
2668 0
2689 0
2709 1
2730 1
2750 1
2771 0
2793 0
2814 1
2836 1
2857 0
2879 1
2902 1
2924 0
2947 1
2969 0
2992 1
3015 1
3039 0
3062 1
3085 0
3109 0
3133 1
3157 1
3181 0
3205 1
3230 1
3254 0
3279 1
3303 1
3328 0
3353 1
3378 0
3403 1
3429 0
3454 1
3479 1
3505 0
3530 1
3556 0
3582 1
3607 0
3633 1
3659 1
3685 1
3711 0
3737 1
3763 0
3789 1
3815 0
3841 1
3867 1
3892 0
3918 1
3944 1
3970 0
3996 1
4022 0
4047 1
4073 0
4099 1
4124 1
4150 0
4175 1
4201 0
4226 1
4251 1
4276 1
4301 0
4326 1
4351 0
4376 1
4401 1
4426 0
4450 1
4475 1
4499 0
4523 1
4547 0
4571 1
4595 0
4619 1
4643 1
4666 0
4690 1
4713 1
4736 1
4759 0
4782 1
4805 0
4828 1
4850 0
4872 1
4895 1
4916 1
4938 0
4960 1
4981 0
5003 1
5024 1
5045 0
5066 1
5086 1
5106 0
5127 1
5147 1
5166 0
5186 1
5205 1
5224 0
5243 1
5262 0
5280 1
5298 1
5316 0
5334 1
5351 1
5369 0
5386 1
5402 1
5419 1
5435 0
5451 1
5466 0
5481 1
5496 0
5511 1
5526 1
5540 1
5553 1
5567 0
5580 1
5593 0
5605 1
5618 1
5629 0
5641 1
5652 0
5663 1
5673 1
5684 1
5693 1
5703 0
5712 1
5720 0
5729 1
5736 1
5744 0
5751 1
5758 0
5764 1
5770 1
5776 1
5781 1
5785 0
5790 1
5794 0
5797 1
5800 1
5803 0
5805 1
5807 1
5808 1
5809 0
5809 1
5809 0
5809 1
5808 1
5807 0
5805 1
5803 1
5800 1
5797 0
5793 1
5789 1
5784 0
5779 1
5774 1
5768 0
5761 1
5754 1
5747 0
5739 1
5731 1
5722 0
5713 1
5703 0
5693 1
5682 1
5671 1
5659 0
5647 1
5634 1
5621 1
5608 0
5594 1
5580 1
5565 0
5550 1
5534 0
5518 1
5501 1
5484 0
5467 1
5449 1
5430 1
5411 0
5392 1
5372 0
5352 1
5332 1
5311 1
5289 0
5267 1
5245 0
5222 1
5199 1
5175 1
5151 0
5127 1
5102 1
5077 0
5051 1
5025 1
4998 0
4972 1
4944 0
4916 1
4888 1
4860 0
4831 1
4802 1
4772 1
4742 0
4711 1
4681 0
4649 1
4618 0
4586 1
4554 1
4521 1
4488 1
4454 0
4421 1
4387 0
4352 1
4317 1
4282 0
4247 1
4211 0
4175 1
4138 1
4102 1
4065 0
4027 1
3989 0
3951 1
3913 0
3875 1
3836 1
3796 0
3757 1
3717 1
3677 0
3637 1
3596 1
3556 1
3514 0
3473 0
3432 1
3390 1
3348 1
3305 0
3263 0
3220 1
3177 1
3134 1
3091 0
3047 1
3003 0
2959 1
2915 0
2871 1
2826 0
2781 1
2736 1
2691 0
2646 1
2600 1
2555 1
2509 0
2463 1
2417 0
2371 1
2325 0
2279 1
2232 0
2185 1
2139 0
2092 1
2045 1
1998 0
1951 1
1904 1
1856 0
1809 1
1762 0
1714 1
1666 0
1618 1
1570 1
1522 0
1474 1
1425 0
1377 0
1329 1
1280 1
1231 0
1183 1
1134 1
1085 0
1037 1
988 0
939 1
891 0
842 1
793 0
745 1
696 1
648 0
599 0
551 1
503 1
455 0
407 0
359 1
311 1
264 0
216 1
169 1
122 0
75 0
28 1
-18 0
-65 1
-111 1
-157 0
-202 0
-248 1
-293 1
-338 0
-383 0
-427 1
-471 0
-515 1
-559 0
-602 1
-645 1
-688 0
-730 1
-773 0
-814 0
-856 1
-897 1
-938 0
-979 0
-1019 1
-1059 0
-1098 1
-1138 0
-1176 1
-1215 0
-1253 1
-1291 1
-1329 0
-1366 0
-1402 1
-1439 0
-1475 1
-1511 0
-1546 0
-1581 1
-1615 0
-1650 1
-1683 1
-1717 0
-1750 0
-1783 1
-1815 0
-1847 1
-1879 0
-1910 1
-1941 0
-1972 1
-2002 0
-2032 0
-2061 1
-2090 1
-2119 0
-2147 0
-2175 1
-2203 0
-2230 0
-2257 1
-2284 0
-2310 1
-2336 0
-2362 1
-2387 0
-2412 1
-2436 0
-2460 1
-2484 0
-2508 0
-2531 1
-2554 1
-2576 0
-2599 0
-2620 0
-2642 1
-2663 1
-2684 0
-2705 0
-2725 1
-2745 0
-2765 0
-2784 1
-2803 0
-2822 1
-2840 0
-2858 1
-2876 0
-2894 1
-2911 0
-2928 0
-2944 1
-2961 0
-2977 0
-2992 1
-3008 1
-3023 0
-3038 0
-3052 1
-3066 0
-3080 0
-3094 1
-3107 0
-3120 1
-3133 0
-3145 1
-3157 0
-3168 1
-3179 0
-3190 0
-3200 0
-3211 1
-3220 0
-3230 1
-3239 0
-3247 1
-3256 0
-3264 1
-3271 0
-3279 0
-3285 0
-3292 1
-3298 0
-3304 1
-3310 0
-3315 1
-3320 0
-3324 1
-3328 0
-3332 0
-3335 1
-3338 0
-3341 0
-3343 1
-3346 0
-3347 1
-3349 0
-3350 0
-3350 1
-3351 0
-3351 1
-3350 0
-3350 0
-3349 1
-3347 0
-3346 1
-3344 0
-3341 1
-3339 0
-3336 0
-3333 1
-3329 0
-3325 0
-3321 1
-3316 0
-3311 1
-3306 0
-3301 0
-3295 1
-3289 0
-3283 1
-3276 0
-3269 0
-3261 1
-3254 0
-3246 0
-3238 1
-3229 1
-3221 0
-3211 0
-3202 0
-3192 1
-3183 0
-3172 1
-3162 0
-3151 1
-3140 0
-3129 1
-3117 0
-3105 0
-3093 1
-3081 0
-3069 0
-3056 1
-3043 0
-3029 0
-3016 1
-3002 1
-2988 0
-2973 0
-2959 0
-2944 1
-2929 0
-2914 1
-2898 1
-2883 0
-2867 0
-2851 0
-2834 1
-2818 0
-2801 1
-2784 0
-2767 0
-2750 1
-2732 0
-2714 1
-2696 0
-2678 1
-2660 0
-2642 1
-2623 0
-2604 0
-2585 0
-2566 1
-2547 0
-2527 1
-2507 0
-2488 1
-2468 0
-2448 1
-2428 0
-2407 0
-2387 1
-2366 0
-2346 1
-2325 0
-2304 0
-2283 1
-2262 0
-2241 1
-2220 0
-2199 1
-2177 0
-2156 0
-2134 1
-2113 0
-2091 1
-2069 0
-2047 1
-2025 0
-2003 0
-1981 1
-1958 0
-1936 1
-1914 0
-1891 1
-1868 0
-1846 0
-1823 1
-1800 0
-1777 1
-1754 0
-1731 1
-1708 0
-1685 0
-1662 1
-1639 1
-1615 0
-1592 0
-1568 1
-1545 0
-1521 0
-1498 1
-1474 1
-1451 0
-1427 0
-1403 1
-1379 0
-1356 1
-1332 0
-1308 1
-1284 0
-1260 0
-1236 1
-1212 1
-1188 0
-1164 0
-1141 1
-1117 0
-1093 1
-1069 0
-1045 1
-1021 0
-997 0
-973 1
-949 0
-925 1
-901 1
-878 0
-854 0
-830 1
-806 0
-783 1
-759 0
-736 1
-712 0
-689 0
-665 1
-642 1
-619 0
-596 0
-573 1
-550 1
-527 0
-504 0
-481 1
-459 0
-436 1
-414 0
-391 1
-369 0
-347 1
-325 0
-303 1
-282 0
-260 1
-238 0
-217 0
-196 1
-175 1
-154 0
-133 1
-113 0
-92 0
-72 1
-52 0
-32 1
-12 1
7 0
27 0
46 1
65 1
84 0
103 0
121 1
140 0
158 1
176 1
193 0
211 1
228 0
245 0
262 1
279 0
295 1
311 0
327 1
343 0
359 1
374 1
389 0
404 1
419 0
433 0
447 1
461 0
475 1
489 1
502 0
515 0
528 1
541 1
553 0
565 0
577 1
589 1
601 0
612 1
623 0
634 1
645 0
656 1
666 0
676 0
686 1
696 1
705 0
714 1
723 0
732 1
741 0
749 1
757 1
765 0
773 0
780 1
787 0
795 1
801 1
808 0
814 1
821 0
827 0
832 1
838 1
843 0
849 0
853 1
858 1
863 0
867 1
871 0
875 1
879 0
882 1
886 1
889 0
892 0
894 1
897 1
899 0
901 1
903 0
905 0
906 1
908 0
909 1
910 1
910 0
911 1
911 0
912 1
912 0
912 1
911 0
911 1
910 1
909 0
908 1
907 0
905 1
904 0
902 0
900 1
898 1
896 0
894 0
891 1
889 1
886 0
883 1
880 0
876 1
873 1
869 0
865 0
862 1
858 1
853 0
849 1
845 0
840 1
835 0
830 0
826 1
820 1
815 0
810 1
804 0
799 1
793 0
787 1
781 0
775 1
769 1
763 0
757 1
750 0
744 0
737 1
730 1
723 0
716 1
709 0
702 0
695 1
687 1
680 0
672 1
664 1
656 0
648 0
640 1
631 0
623 1
614 1
606 0
597 0
588 1
579 1
570 0
561 1
552 0
543 0
534 1
525 1
515 0
506 1
497 0
488 0
478 1
469 1
459 0
450 1
441 1
431 0
422 0
413 1
403 1
394 0
385 0
376 1
367 0
357 1
348 1
339 0
330 0
321 1
313 1
304 0
295 1
286 0
278 0
269 1
261 0
253 1
244 1
236 0
228 1
220 0
212 1
205 0
197 1
189 0
182 1
174 0
167 1
160 0
153 1
146 0
139 1
132 0
125 0
119 1
112 1
106 0
100 1
94 1
87 0
82 0
76 1
70 0
64 1
59 1
53 0
48 0
43 1
38 0
33 1
28 0
23 1
18 0
13 1
9 0
4 1
0 0
-5 1
-9 0
-13 1
-17 1
-21 0
-25 0
-29 1
-33 0
-37 1
-40 0
-44 1
-48 1
-51 0
-55 0
-58 1
-61 0
-65 1
-68 1
-71 0
-74 0
-78 1
-81 0
-84 1
-87 0
-90 1
-93 0
-96 1
-98 0
-101 1
-104 0
-107 1
-110 1
-113 0
-115 0
-118 1
-121 0
-123 1
-126 1
-129 0
-131 0
-134 1
-137 0
-139 1
-142 0
-145 1
-147 0
-150 0
-152 1
-155 1
-157 0
-160 1
-162 0
-164 1
-167 1
-169 0
-171 0
-173 1
-175 1
-177 0
-179 0
-181 1
-183 0
-185 0
-187 1
-188 1
-190 0
-191 0
-193 1
-195 1
-196 0
-197 1
-199 0
-200 1
-201 0
-203 1
-204 0
-205 1
-206 0
-207 1
-208 0
-209 1
-210 0
-210 1
-211 0
-212 0
-213 1
-213 0
-214 1
-214 1
-215 0
-215 1
-216 0
-216 0
-216 1
-216 1
-217 0
-217 0
-217 1
-217 1
-217 0
-217 1
-217 0
-217 0
-216 1
-216 1
-216 0
-216 0
-215 1
-215 0
-215 1
-214 0
-214 1
-213 1
-213 0
-212 0
-211 1
-211 1
-210 0
-209 0
-208 1
-207 0
-206 1
-206 0
-205 1
-204 0
-203 1
-201 0
-200 1
-199 1
-198 0
-197 0
-196 1
-194 0
-193 1
-192 0
-190 1
-189 0
-188 1
-186 0
-185 0
-183 1
-182 1
-180 0
-178 1
-177 0
-175 1
-174 0
-172 1
-170 1
-168 0
-167 0
-165 1
-163 0
-161 0
-159 1
-158 1
-156 0
-154 0
-152 1
-150 1
-148 0
-146 1
-144 0
-142 0
-140 1
-138 1
-136 0
-134 1
-131 0
-129 0
-127 1
-124 1
-122 0
-120 1
-117 0
-115 0
-112 1
-110 1
-107 0
-105 0
-102 1
-99 1
-97 0
-94 0
-92 1
-89 1
-86 0
-84 1
-81 0
-79 0
-76 1
-73 0
-71 1
-68 0
-66 1
-63 1
-61 0
-58 1
-56 0
-54 0
-51 1
-49 0
-47 1
-44 0
-42 1
-40 1
-38 0
-35 1
-33 0
-31 0
-29 1
-27 0
-25 1
-23 0
-22 1
-20 0
-18 1
-16 1
-15 0
-13 0
-12 1
-10 1
-9 0
-7 0
-6 1
-5 0
-4 1
-2 1
-1 0
0 0
1 1
2 0
3 1
4 0
4 1
5 0
6 1
7 1
7 0
8 0
8 1
9 1
9 0
10 0
10 1
10 0
11 1
11 1
11 0
11 0
11 1
11 0
11 1
11 0
11 1
11 0
11 1
11 0
11 1
11 1
11 0
10 0
10 1
10 0
10 1
9 1
9 0
9 1
9 0
8 0
8 1
8 0
7 1
7 0
7 1
6 0
6 1
5 0
5 1
5 1
4 0
4 0
4 1
3 0
3 1
3 1
3 0
2 0
2 1
2 0
1 1
1 1
1 0
1 0
1 1
1 0
0 1
0 0
0 1
0 1
0 0
0 0
0 1
0 0
0 1
0 0
0 1
0 1
0 0
0 0
0 1
0 0
0 1
0 1
0 0
0 0
0 1
0 0
0 1
0 0
0 1
0 1
0 0
0 0
0 1
0 0
0 1
0 1
0 0
0 0
0 1
0 0
0 1
0 0
0 1
0 1
0 0
0 0
0 1
0 0
0 1
0 1
0 0
0 0
0 1
0 0
0 1
0 0
0 1
0 0
0 1
0 1
0 0
0 0
0 1
0 1
0 0
0 0
0 1
0 0
0 1
0 0
0 1
0 1
0 0
0 0
0 1
0 0
0 1
0 0
0 1
0 1
0 0
0 0
0 1
0 0
0 1
0 0
0 1
0 1
0 0
0 0
0 1
0 1
0 0
0 0
0 1
0 0
0 1
0 0
0 1
0 1
0 0
0 0
0 1
0 0
0 1
0 0
0 1
0 0
0 1
0 1
0 0
0 0
0 1
0 0
0 1
0 1
0 0
0 0
0 1
0 1
0 0
0 0
0 1
0 0
0 1
0 0
0 1
0 0
0 1
0 1
0 0
0 0
0 1
0 0
0 1
0 0
0 1
0 1
