0 1
0 0
0 0
0 1
0 0
0 1
0 1
0 0
0 0
0 1
0 1
0 0
0 1
0 0
0 0
0 1
0 1
0 0
0 0
0 1
0 0
0 1
0 1
0 0
0 0
0 1
0 1
0 0
0 1
0 0
0 0
0 1
0 1
0 0
0 0
0 1
0 0
0 1
0 1
0 0
0 0
0 1
0 1
0 0
0 1
0 0
0 0
0 1
0 0
0 1
0 1
0 0
0 0
0 1
0 1
0 0
0 1
0 0
0 0
0 1
0 1
0 0
0 0
0 1
0 0
0 1
0 1
0 0
0 0
0 1
0 1
0 0
0 0
0 1
0 1
0 0
0 1
0 0
0 0
0 1
0 0
0 1
0 1
0 0
0 1
0 0
0 0
0 1
0 0
0 1
0 1
0 0
0 0
0 1
0 1
0 0
0 0
0 1
0 1
0 0
0 1
0 0
0 0
0 1
0 0
0 1
0 1
0 0
0 0
0 1
0 1
0 0
0 1
0 0
0 0
0 1
0 0
0 1
0 1
0 0
0 0
0 1
0 1
0 0
0 0
0 1
0 1
0 0
0 0
0 1
0 1
0 0
0 1
-1 0
-1 0
-1 1
-1 0
-2 1
-2 1
-2 0
-3 0
-3 1
-4 1
-4 0
-4 0
-5 1
-5 1
-6 0
-6 0
-7 1
-7 1
-8 0
-9 1
-9 0
-10 0
-10 1
-11 0
-11 1
-12 1
-12 0
-13 0
-13 1
-14 0
-14 1
-15 1
-15 0
-16 1
-16 0
-16 0
-17 1
-17 1
-17 0
-17 0
-18 1
-18 1
-18 0
-18 0
-18 1
-18 1
-18 0
-17 0
-17 1
-17 1
-17 0
-16 0
-16 1
-15 0
-14 1
-14 1
-13 0
-12 0
-11 1
-10 0
-9 1
-8 1
-7 0
-6 1
-4 0
-3 0
-1 1
0 1
2 0
4 0
5 1
7 1
9 0
11 0
14 1
16 0
18 1
21 1
23 0
26 0
28 1
31 0
34 1
37 1
40 0
43 1
46 0
49 0
52 1
55 0
59 1
62 1
66 0
69 0
73 1
76 0
80 1
84 1
87 0
91 1
95 0
99 0
103 1
107 0
111 1
115 1
119 0
123 0
127 1
131 1
135 0
139 1
143 0
147 0
151 1
155 0
159 1
163 1
167 0
171 0
175 1
179 1
183 0
187 1
190 0
194 0
198 1
201 1
205 0
208 0
212 1
215 1
219 0
222 0
225 1
228 1
231 0
234 1
237 0
240 1
243 0
246 1
249 0
252 0
255 1
257 1
260 0
263 1
266 0
268 1
271 0
274 1
276 0
279 1
281 0
284 0
286 1
288 1
291 0
293 1
295 0
297 1
299 0
301 1
303 1
305 0
307 0
309 1
311 0
313 1
314 0
316 1
318 0
319 1
321 1
322 0
324 0
325 1
326 0
327 1
329 1
330 0
331 0
332 1
333 0
334 1
334 0
335 1
336 1
336 0
337 1
337 0
338 0
338 1
338 1
338 0
339 1
339 0
339 1
339 0
338 0
338 1
338 1
337 0
337 1
336 0
336 1
335 0
334 0
334 1
333 1
332 0
331 1
330 0
328 1
327 1
326 0
324 0
323 1
321 0
320 1
318 0
316 1
314 0
312 1
310 1
308 0
306 0
304 1
301 0
299 1
296 0
294 1
291 1
288 0
286 0
283 1
280 1
277 0
274 0
270 1
267 1
264 0
260 0
257 1
253 1
249 0
246 1
242 0
238 1
234 0
230 0
226 1
221 1
217 0
213 1
208 0
204 0
199 1
194 1
190 0
185 1
180 0
175 1
170 0
165 1
160 1
154 0
149 0
144 1
138 0
133 1
127 0
122 0
116 1
110 1
104 0
98 1
92 0
86 1
80 0
74 1
68 0
61 1
55 1
49 0
42 0
36 1
29 0
23 1
16 1
9 0
2 0
-4 1
-11 0
-18 1
-25 0
-32 1
-39 0
-46 1
-53 0
-61 1
-68 1
-75 0
-82 0
-90 1
-97 0
-105 1
-112 0
-120 1
-127 0
-135 1
-142 1
-150 0
-157 0
-165 1
-173 1
-180 0
-188 0
-196 1
-204 0
-211 1
-219 0
-227 1
-235 0
-243 0
-251 1
-258 1
-266 0
-274 1
-282 1
-290 0
-298 0
-306 1
-314 1
-321 0
-329 0
-337 1
-345 0
-353 1
-361 0
-369 0
-376 1
-384 1
-392 0
-400 1
-407 0
-415 1
-423 0
-430 1
-438 0
-446 0
-453 1
-461 1
-468 0
-476 0
-483 1
-491 1
-498 0
-505 1
-513 0
-520 0
-527 1
-534 1
-541 0
-548 1
-555 0
-562 0
-569 1
-576 0
-583 1
-590 0
-596 1
-603 0
-609 1
-616 0
-622 1
-628 0
-635 1
-641 0
-647 1
-653 0
-659 1
-665 0
-670 1
-676 0
-682 1
-687 0
-692 1
-698 0
-703 0
-708 1
-713 1
-718 0
-723 0
-727 1
-732 0
-737 1
-741 0
-745 1
-749 0
-753 1
-757 0
-761 1
-765 0
-769 1
-772 0
-775 1
-779 0
-782 1
-785 0
-788 1
-790 0
-793 0
-795 1
-798 1
-800 0
-802 0
-804 1
-806 1
-807 0
-809 0
-810 1
-811 0
-812 1
-813 0
-814 1
-815 0
-815 1
-816 0
-816 0
-816 1
-816 1
-815 0
-815 0
-814 1
-813 1
-812 0
-811 0
-810 1
-809 1
-807 0
-805 0
-803 1
-801 0
-799 1
-796 0
-794 1
-791 0
-788 1
-785 0
-781 0
-778 1
-774 1
-770 0
-766 0
-762 1
-758 1
-753 0
-748 0
-743 1
-738 1
-733 0
-727 0
-722 1
-716 0
-710 1
-703 0
-697 0
-690 1
-684 1
-677 0
-669 1
-662 0
-654 1
-647 0
-639 0
-630 1
-622 0
-614 1
-605 1
-596 0
-587 0
-577 1
-568 0
-558 1
-548 0
-538 1
-528 1
-517 0
-507 0
-496 1
-485 0
-474 0
-462 1
-451 1
-439 0
-427 1
-414 0
-402 0
-389 1
-377 0
-364 1
-351 1
-337 0
-324 0
-310 1
-296 1
-282 0
-267 0
-253 1
-238 1
-223 0
-207 0
-192 1
-176 0
-160 1
-144 0
-127 1
-111 0
-94 1
-77 0
-59 1
-42 0
-24 1
-6 0
12 1
30 0
49 1
67 0
86 1
105 0
124 1
144 0
163 0
183 1
203 1
223 0
243 1
263 0
283 1
304 0
325 1
345 0
366 1
387 0
408 1
430 1
451 0
472 0
494 0
515 1
537 1
559 0
581 1
603 0
625 1
647 0
669 0
691 1
713 1
735 0
757 1
780 1
802 0
824 1
847 0
869 0
891 1
914 1
936 0
958 0
981 1
1003 1
1025 0
1048 1
1070 0
1092 0
1114 1
1137 1
1159 0
1181 1
1203 0
1225 1
1247 0
1269 1
1291 0
1313 1
1335 0
1357 1
1378 1
1400 0
1422 1
1443 0
1465 1
1486 0
1508 1
1529 0
1550 1
1572 0
1593 1
1614 0
1635 1
1656 1
1677 0
1698 0
1718 1
1739 1
1760 0
1781 1
1801 1
1822 0
1842 0
1863 1
1883 1
1903 0
1924 0
1944 1
1964 1
1984 0
2004 1
2024 0
2045 1
2065 1
2085 0
2105 0
2125 1
2144 1
2164 0
2184 1
2204 0
2224 1
2244 1
2264 0
2284 1
2304 0
2323 1
2343 0
2363 1
2383 0
2403 1
2423 0
2443 1
2463 1
2483 1
2503 0
2523 0
2543 1
2562 1
2582 0
2602 1
2622 0
2641 1
2661 0
2681 1
2700 0
2719 1
2739 1
2758 0
2777 1
2796 0
2815 1
2834 1
2853 0
2872 1
2891 1
2909 0
2928 0
2946 1
2965 1
2983 0
3001 1
3019 0
3037 1
3055 1
3073 0
3091 1
3108 0
3126 1
3143 0
3160 1
3178 1
3195 0
3212 1
3229 0
3245 1
3262 1
3279 0
3295 1
3312 0
3328 1
3344 1
3360 0
3376 1
3392 1
3407 0
3423 1
3438 0
3454 1
3469 0
3484 1
3499 1
3514 0
3528 1
3543 0
3557 1
3571 0
3586 1
3600 1
3614 0
3627 1
3641 1
3654 0
3668 1
3681 0
3694 1
3707 1
3720 1
3733 0
3745 0
3757 1
3770 1
3782 0
3794 1
3805 1
3817 0
3829 1
3840 0
3851 1
3862 0
3873 1
3884 1
3895 0
3905 1
3915 1
3925 1
3935 0
3945 0
3955 1
3965 1
3974 0
3983 1
3992 1
4001 0
4010 1
4018 0
4027 1
4035 1
4043 0
4051 1
4059 1
4066 0
4074 1
4081 0
4088 1
4095 1
4102 0
4109 1
4115 0
4121 1
4128 1
4134 0
4139 1
4145 1
4150 0
4156 1
4161 1
4166 0
4171 1
4175 0
4180 1
4184 1
4188 0
4192 1
4196 0
4199 1
4203 1
4206 0
4209 1
4212 1
4214 0
4217 1
4219 1
4222 0
4224 1
4225 0
4227 1
4229 1
4230 0
4231 1
4232 0
4233 1
4233 1
4234 1
4234 0
4234 1
4234 0
4234 1
4233 0
4233 1
4232 1
4231 0
4230 1
4229 1
4227 0
4225 1
4223 1
4221 1
4219 0
4217 0
4214 1
4212 1
4209 0
4205 1
4202 1
4199 0
4195 1
4191 1
4187 0
4183 1
4179 0
4174 1
4170 0
4165 1
4160 1
4154 0
4149 1
4143 1
4138 1
4132 0
4126 1
4119 0
4113 1
4106 1
4099 0
4092 1
4085 1
4078 0
4070 1
4063 0
4055 1
4047 0
4038 1
4030 1
4021 0
4013 1
4004 1
3995 0
3985 1
3976 1
3966 0
3956 1
3946 1
3936 0
3926 1
3915 0
3905 1
3894 0
3883 1
3872 1
3860 0
3849 1
3837 1
3825 0
3813 1
3801 1
3788 0
3776 1
3763 0
3750 1
3737 1
3724 0
3710 1
3697 1
3683 0
3669 1
3655 0
3641 1
3626 0
3612 1
3597 1
3582 1
3567 0
3551 1
3536 0
3520 1
3504 0
3489 1
3472 1
3456 0
3440 1
3423 0
3406 1
3389 1
3372 0
3355 1
3337 1
3320 0
3302 1
3284 1
3266 0
3248 1
3229 0
3211 1
3192 0
3173 1
3154 1
3135 0
3115 1
3096 1
3076 0
3056 0
3036 1
3016 1
2996 1
2975 0
2955 0
2934 1
2913 1
2892 0
2871 1
2849 1
2828 0
2806 1
2784 1
2762 0
2740 1
2717 0
2695 1
2672 0
2649 1
2627 1
2603 0
2580 0
2557 1
2533 1
2510 1
2486 0
2462 1
2438 0
2413 1
2389 0
2364 1
2340 0
2315 1
2290 1
2265 1
2240 0
2214 0
2189 1
2163 1
2137 0
2111 1
2085 1
2059 0
2032 0
2006 1
1979 1
1952 0
1925 1
1898 0
1871 1
1844 0
1816 1
1789 0
1761 1
1733 1
1705 0
1677 1
1649 0
1621 1
1592 1
1564 0
1535 1
1506 0
1477 1
1448 1
1419 0
1389 1
1360 0
1330 0
1301 1
1271 1
1241 0
1211 1
1181 0
1151 1
1120 0
1090 1
1059 0
1028 1
998 0
967 1
936 1
905 0
873 1
842 0
811 1
779 0
747 1
716 0
684 1
652 1
620 0
588 1
555 0
523 1
491 0
458 1
426 0
393 1
360 0
327 0
294 1
261 1
228 0
195 1
162 0
128 1
95 1
61 0
28 0
-6 1
-40 1
-73 0
-107 0
-141 1
-175 0
-209 1
-243 0
-278 1
-312 1
-346 0
-381 1
-415 0
-450 0
-484 1
-519 0
-553 1
-588 1
-623 0
-658 1
-692 0
-727 0
-762 1
-797 0
-832 1
-867 1
-903 0
-938 0
-973 1
-1008 0
-1043 1
-1079 0
-1114 1
-1149 0
-1184 1
-1220 1
-1255 0
-1291 0
-1326 0
-1362 1
-1397 1
-1432 0
-1468 0
-1503 1
-1539 1
-1574 0
-1610 0
-1645 1
-1681 0
-1716 1
-1752 0
-1787 1
-1823 0
-1858 1
-1894 0
-1929 1
-1965 0
-2000 0
-2036 1
-2071 0
-2106 1
-2142 0
-2177 1
-2212 0
-2247 1
-2283 0
-2318 1
-2353 0
-2388 0
-2423 1
-2458 0
-2493 1
-2528 0
-2563 0
-2598 1
-2633 0
-2667 1
-2702 1
-2737 0
-2771 0
-2806 0
-2840 1
-2875 0
-2909 1
-2943 0
-2977 1
-3011 0
-3045 1
-3079 0
-3113 1
-3147 0
-3180 0
-3214 1
-3248 0
-3281 0
-3314 1
-3348 0
-3381 1
-3414 0
-3447 0
-3479 1
-3512 0
-3545 1
-3577 0
-3610 1
-3642 0
-3674 0
-3706 1
-3738 0
-3770 1
-3801 0
-3833 0
-3864 1
-3895 0
-3927 1
-3957 0
-3988 0
-4019 0
-4050 1
-4080 1
-4110 0
-4140 0
-4170 1
-4200 0
-4230 0
-4259 1
-4289 0
-4318 0
-4347 1
-4376 0
-4404 1
-4433 0
-4461 1
-4489 0
-4517 0
-4545 1
-4573 0
-4600 0
-4627 1
-4654 0
-4681 0
-4708 1
-4734 0
-4761 1
-4787 0
-4813 0
-4838 0
-4864 1
-4889 0
-4914 1
-4939 0
-4964 0
-4988 1
-5012 0
-5036 0
-5060 1
-5084 0
-5107 1
-5130 0
-5153 0
-5176 1
-5198 0
-5220 0
-5242 1
-5264 0
-5286 1
-5307 0
-5328 0
-5349 0
-5369 1
-5389 0
-5409 0
-5429 0
-5449 1
-5468 1
-5487 0
-5506 0
-5524 0
-5542 1
-5560 0
-5578 0
-5596 1
-5613 0
-5630 1
-5646 0
-5663 0
-5679 1
-5695 0
-5710 0
-5725 0
-5740 1
-5755 0
-5770 1
-5784 0
-5798 0
-5811 0
-5825 1
-5838 0
-5850 0
-5863 1
-5875 0
-5887 1
-5898 0
-5910 0
-5921 0
-5931 1
-5942 0
-5952 0
-5962 1
-5971 0
-5980 0
-5989 0
-5998 1
-6006 0
-6014 1
-6022 0
-6029 1
-6036 0
-6043 0
-6050 0
-6056 1
-6062 0
-6067 0
-6072 0
-6077 1
-6082 0
-6086 0
-6090 1
-6094 0
-6097 0
-6100 1
-6103 0
-6105 0
-6108 1
-6109 0
-6111 0
-6112 1
-6113 0
-6113 0
-6114 1
-6113 0
-6113 0
-6112 0
-6111 1
-6110 0
-6108 1
-6106 0
-6104 0
-6101 0
-6098 0
-6095 1
-6092 0
-6088 1
-6084 0
-6079 0
-6074 1
-6069 0
-6064 0
-6058 1
-6053 0
-6046 0
-6040 0
-6033 1
-6026 0
-6019 0
-6012 1
-6004 0
-5996 0
-5987 1
-5978 0
-5969 0
-5960 0
-5951 1
-5941 0
-5931 1
-5920 0
-5909 0
-5898 1
-5887 0
-5875 0
-5864 0
-5851 1
-5839 0
-5826 0
-5813 1
-5799 0
-5786 0
-5772 1
-5757 0
-5743 1
-5728 0
-5713 0
-5697 0
-5681 0
-5665 0
-5648 1
-5632 1
-5615 0
-5597 0
-5579 0
-5561 1
-5543 0
-5524 1
-5505 0
-5486 0
-5466 0
-5446 1
-5426 0
-5406 1
-5385 0
-5364 0
-5342 0
-5320 1
-5298 0
-5276 1
-5253 0
-5230 0
-5206 0
-5183 0
-5159 1
-5134 0
-5110 1
-5085 0
-5059 1
-5034 0
-5008 0
-4982 0
-4955 1
-4929 0
-4902 1
-4874 0
-4847 0
-4819 0
-4791 1
-4762 0
-4734 0
-4705 1
-4675 0
-4646 1
-4616 0
-4586 0
-4556 0
-4525 1
-4494 0
-4463 1
-4432 0
-4400 0
-4369 1
-4337 0
-4304 1
-4272 0
-4239 0
-4207 0
-4173 1
-4140 0
-4107 1
-4073 0
-4039 0
-4005 1
-3971 0
-3937 0
-3903 1
-3868 0
-3833 0
-3798 1
-3763 0
-3728 0
-3693 1
-3657 1
-3622 0
-3586 0
-3551 0
-3515 1
-3480 0
-3444 1
-3408 0
-3373 0
-3337 1
-3301 0
-3265 1
-3230 0
-3194 0
-3158 1
-3122 0
-3087 1
-3051 0
-3015 0
-2979 0
-2944 1
-2908 0
-2873 1
-2837 0
-2801 1
-2766 0
-2730 0
-2695 1
-2659 0
-2624 1
-2588 0
-2552 1
-2517 0
-2481 0
-2446 1
-2410 0
-2374 0
-2339 1
-2303 0
-2268 1
-2232 0
-2196 1
-2161 0
-2125 1
-2090 0
-2054 0
-2019 1
-1983 0
-1948 0
-1912 1
-1877 0
-1841 1
-1806 0
-1771 1
-1736 0
-1700 1
-1665 0
-1630 0
-1595 1
-1560 0
-1525 1
-1490 0
-1455 1
-1421 0
-1386 0
-1352 1
-1317 1
-1283 0
-1248 0
-1214 1
-1180 0
-1146 1
-1112 0
-1079 1
-1045 0
-1011 0
-978 1
-945 0
-912 1
-879 0
-846 1
-813 0
-781 0
-748 1
-716 1
-684 0
-653 1
-621 0
-589 0
-558 1
-527 1
-496 0
-466 0
-435 1
-405 0
-375 1
-345 1
-316 0
-287 0
-258 1
-229 0
-200 0
-172 1
-144 0
-116 1
-89 1
-61 0
-35 0
-8 1
18 1
44 0
70 0
96 1
121 1
146 0
170 1
194 0
218 1
242 0
265 0
288 1
311 0
333 1
355 1
376 0
397 0
418 1
439 1
459 0
479 0
498 1
517 0
536 1
554 1
572 0
590 0
607 1
624 1
640 0
656 1
672 0
687 1
702 0
717 1
732 0
746 0
760 1
773 1
786 0
799 1
812 0
824 1
836 0
847 1
859 0
870 1
880 0
891 1
901 1
910 0
920 1
929 0
937 0
946 1
954 1
961 0
969 1
976 0
982 0
989 1
995 1
1000 0
1006 1
1011 0
1015 1
1019 0
1023 1
1027 0
1030 1
1033 1
1036 0
1038 1
1040 0
1041 1
1042 0
1043 1
1044 0
1044 0
1044 1
1043 1
1042 0
1041 1
1039 1
1037 0
1035 0
1032 1
1029 1
1026 0
1022 0
1018 1
1014 1
1009 0
1004 1
998 0
993 1
986 0
980 1
973 0
966 1
959 0
951 1
943 0
934 1
926 1
917 0
907 1
897 0
887 1
877 0
867 1
856 0
844 1
833 0
821 1
809 0
797 1
784 1
771 0
758 0
745 1
731 1
717 0
703 1
688 0
674 0
659 1
644 1
628 0
613 0
597 1
581 1
565 0
549 1
532 1
515 0
498 0
481 1
464 1
447 0
429 0
412 1
394 1
376 0
358 1
340 0
322 0
304 1
285 1
267 0
248 0
230 1
211 1
193 0
174 1
155 0
136 1
118 0
99 1
80 0
61 1
43 0
24 1
5 1
-13 0
-32 0
-51 1
-69 0
-88 1
-106 0
-124 0
-142 1
-160 1
-178 0
-196 1
-214 1
-232 0
-250 0
-268 1
-285 0
-303 1
-320 1
-338 0
-355 0
-372 1
-390 0
-407 1
-423 0
-440 1
-457 0
-473 1
-490 0
-506 1
-522 0
-538 1
-554 0
-569 1
-585 0
-600 1
-615 0
-630 0
-645 1
-660 1
-674 0
-688 1
-702 0
-716 1
-730 0
-743 1
-756 0
-769 0
-782 1
-795 0
-807 1
-819 1
-831 0
-843 0
-854 1
-865 0
-876 1
-887 0
-897 1
-907 1
-917 0
-926 0
-936 1
-945 0
-953 0
-962 1
-970 1
-978 0
-986 0
-993 1
-1000 1
-1007 0
-1013 0
-1019 1
-1025 0
-1030 1
-1035 0
-1040 1
-1045 1
-1049 0
-1053 0
-1056 1
-1060 0
-1063 0
-1065 1
-1067 1
-1069 0
-1071 0
-1072 1
-1073 0
-1073 1
-1073 1
-1073 0
-1073 0
-1072 1
-1070 0
-1069 1
-1067 0
-1064 1
-1062 0
-1059 0
-1055 1
-1052 1
-1047 0
-1043 0
-1038 1
-1033 0
-1027 1
-1021 0
-1015 1
-1008 0
-1001 1
-993 0
-985 1
-977 0
-969 1
-960 0
-950 1
-941 0
-930 0
-920 1
-909 0
-898 1
-886 0
-874 1
-862 0
-849 1
-836 0
-822 1
-808 0
-794 0
-779 1
-764 1
-749 0
-733 0
-716 1
-699 1
-682 0
-665 0
-647 1
-629 1
-610 0
-591 0
-571 1
-552 0
-531 1
-511 0
-490 1
-469 0
-447 0
-425 1
-403 1
-381 0
-358 0
-334 1
-311 1
-287 0
-263 0
-238 1
-213 0
-188 1
-163 1
-137 0
-111 0
-85 1
-58 0
-31 1
-4 1
23 0
51 0
78 1
107 0
135 1
163 0
192 1
221 0
250 1
280 0
310 1
339 0
369 1
400 0
430 1
461 0
491 1
522 0
553 1
585 0
616 1
647 0
679 1
711 1
743 0
775 0
807 1
839 0
872 1
904 0
937 1
969 0
1002 1
1035 0
1068 1
1101 1
1134 0
1167 1
1200 0
1234 0
1267 1
1300 1
1334 0
1367 1
1401 0
1434 1
1468 0
1501 1
1535 1
1568 0
1602 0
1635 1
1669 0
1703 1
1736 1
1770 0
1803 1
1837 0
1871 1
1904 0
1938 0
1971 1
2005 1
2038 1
2072 0
2105 0
2138 1
2172 1
2205 0
2238 1
2272 1
2305 0
2338 1
2371 0
2404 0
2437 1
2470 1
2504 0
2537 1
2570 0
2603 1
2636 0
2669 1
2702 1
2735 0
2769 1
2802 0
2834 1
2867 1
2900 0
2933 1
2966 0
2998 1
3031 0
3063 1
3096 0
3128 1
3160 1
3192 0
3224 1
3255 1
3286 0
3318 1
3348 0
3379 1
3410 1
3440 0
3470 0
3500 1
3529 1
3558 0
3587 1
3616 1
3644 0
3672 1
3700 0
3727 1
3754 0
3781 1
3808 1
3834 0
3860 1
3885 1
3910 1
3935 0
3959 0
3983 1
4007 1
4030 0
4053 1
4076 1
4098 0
4120 0
4141 1
4162 1
4183 1
4203 0
4223 1
4242 0
4261 1
4280 1
4298 1
4316 0
4333 0
4350 1
4366 1
4382 0
4398 1
4413 1
4428 0
4442 1
4456 1
4470 0
4483 1
4496 1
4508 0
4520 1
4531 0
4542 1
4553 0
4563 1
4573 1
4582 0
4591 1
4599 1
4607 0
4615 1
4622 1
4629 1
4635 0
4641 1
4647 0
4652 1
4657 1
4661 0
4665 1
4669 0
4672 1
4675 1
4677 0
4679 1
4680 1
4682 0
4682 1
4683 0
4683 1
4683 1
4682 1
4681 0
4679 1
4677 0
4675 1
4673 1
4670 0
4666 1
4663 1
4659 0
4654 1
4649 1
4644 0
4639 1
4633 1
4627 0
4620 1
4613 0
4606 1
4599 0
4591 1
4583 1
4574 1
4565 0
4556 1
4546 1
4536 0
4526 1
4515 1
4504 0
4492 1
4480 0
4468 1
4455 1
4442 0
4429 1
4415 1
4401 0
4386 1
4371 0
4356 1
4340 1
4324 0
4307 1
4290 1
4273 0
4255 1
4237 1
4219 1
4200 0
4181 0
4162 1
4142 1
4122 0
4101 1
4080 1
4059 0
4037 1
4015 1
3993 0
3970 1
3947 1
3923 0
3899 1
3875 0
3851 1
3826 0
3801 1
3775 1
3749 0
3723 1
3696 1
3670 0
3642 1
3615 1
3587 0
3559 1
3530 0
3501 1
3472 1
3443 0
3413 1
3383 1
3353 1
3322 0
3291 0
3260 1
3228 1
3196 0
3164 1
3131 0
3099 1
3065 0
3032 1
2999 1
2965 0
2930 1
2896 1
2861 0
2826 1
2791 0
2756 1
2720 1
2684 0
2648 1
2611 0
2574 1
2537 1
2500 0
2463 1
2425 1
2387 0
2349 1
2311 0
2272 1
2233 0
2194 1
2155 0
2116 1
2076 1
2036 0
1996 1
1956 0
1916 1
1875 0
1834 1
1793 0
1752 1
1711 1
1670 0
1628 1
1586 1
1544 0
1502 1
1460 0
1418 1
1375 0
1333 1
1290 1
1247 0
1204 1
1161 0
1117 0
1074 1
1031 1
987 0
943 1
899 0
856 1
811 0
767 1
723 1
679 0
635 0
590 1
546 1
501 0
456 1
412 0
367 1
322 0
277 1
233 1
188 0
143 0
98 1
53 0
7 1
-38 1
-83 0
-128 1
-173 0
-218 0
-263 1
-308 0
-354 1
-399 1
-444 0
-489 1
-534 0
-579 1
-624 0
-669 0
-714 1
-759 1
-804 0
-849 0
-894 1
-939 1
-983 0
-1028 0
-1073 1
-1117 1
-1162 0
-1206 1
-1251 0
-1295 0
-1339 1
-1383 0
-1427 1
-1471 0
-1515 1
-1559 0
-1602 1
-1646 0
-1689 1
-1733 0
-1776 0
-1819 1
-1862 1
-1905 0
-1948 0
-1990 1
-2033 1
-2075 0
-2117 0
-2159 1
-2201 0
-2243 0
-2285 1
-2326 0
-2367 1
-2409 1
-2450 0
-2490 0
-2531 1
-2572 0
-2612 0
-2652 1
-2692 1
-2732 0
-2771 0
-2811 1
-2850 0
-2889 1
-2928 0
-2967 0
-3005 1
-3043 0
-3081 1
-3119 0
-3157 0
-3194 1
-3232 0
-3269 1
-3305 1
-3342 0
-3378 0
-3414 0
-3450 1
-3486 0
-3522 1
-3557 0
-3592 1
-3627 0
-3661 0
-3695 1
-3729 0
-3763 1
-3797 0
-3830 0
-3863 0
-3896 1
-3928 0
-3961 1
-3993 0
-4025 1
-4056 0
-4087 1
-4119 0
-4149 0
-4180 0
-4210 1
-4240 0
-4270 1
-4299 0
-4328 1
-4357 0
-4386 1
-4414 0
-4442 0
-4470 0
-4498 1
-4525 0
-4552 0
-4579 1
-4605 0
-4632 1
-4658 0
-4683 0
-4709 1
-4734 0
-4759 0
-4784 1
-4809 0
-4833 1
-4857 0
-4881 0
-4904 0
-4927 1
-4950 1
-4973 0
-4995 0
-5017 0
-5039 1
-5060 0
-5082 1
-5103 0
-5123 0
-5144 1
-5164 0
-5183 0
-5203 1
-5222 0
-5241 0
-5259 0
-5277 1
-5295 0
-5313 1
-5330 0
-5347 0
-5364 1
-5380 0
-5396 1
-5412 0
-5427 0
-5442 0
-5457 1
-5471 0
-5485 1
-5499 0
-5512 0
-5525 0
-5538 1
-5550 0
-5562 0
-5574 1
-5585 0
-5596 0
-5607 1
-5617 0
-5627 0
-5636 1
-5646 0
-5654 1
-5663 0
-5671 0
-5679 1
-5686 0
-5693 1
-5700 0
-5706 0
-5712 0
-5718 0
-5723 0
-5728 1
-5733 0
-5737 1
-5741 0
-5744 0
-5748 0
-5750 1
-5753 1
-5755 0
-5757 0
-5758 0
-5760 1
-5760 0
-5761 0
-5761 1
-5761 0
-5760 1
-5759 0
-5758 0
-5757 0
-5755 1
-5753 0
-5751 0
-5748 0
-5745 1
-5742 0
-5738 1
-5734 0
-5730 0
-5725 0
-5721 1
-5716 0
-5710 0
-5705 1
-5699 0
-5693 1
-5687 0
-5680 0
-5673 1
-5666 0
-5659 0
-5652 1
-5644 0
-5636 0
-5628 0
-5620 0
-5611 1
-5602 0
-5593 1
-5584 0
-5575 0
-5566 1
-5556 0
-5546 0
-5536 1
-5526 0
-5516 0
-5505 1
-5495 0
-5484 1
-5474 0
-5463 0
-5452 0
-5441 0
-5429 1
-5418 0
-5407 1
-5395 0
-5383 0
-5371 0
-5359 1
-5347 0
-5335 1
-5323 0
-5310 1
-5298 0
-5285 0
-5272 0
-5259 0
-5246 1
-5233 0
-5219 1
-5206 0
-5192 0
-5178 1
-5165 0
-5151 0
-5137 1
-5123 0
-5109 0
-5094 1
-5080 0
-5066 0
-5051 0
-5037 1
-5022 0
-5007 1
-4992 0
-4978 0
-4963 1
-4948 0
-4933 1
-4918 0
-4902 0
-4887 1
-4872 0
-4857 0
-4841 0
-4826 1
-4810 0
-4795 0
-4779 1
-4764 0
-4748 1
-4732 0
-4717 0
-4701 1
-4685 0
-4669 0
-4654 0
-4638 1
-4622 0
-4606 1
-4590 0
-4575 1
-4559 0
-4543 0
-4527 0
-4511 1
-4495 0
-4479 1
-4463 0
-4448 0
-4432 1
-4416 0
-4400 0
-4384 1
-4368 0
-4352 0
-4337 1
-4321 0
-4305 1
-4289 0
-4274 0
-4258 0
-4242 1
-4227 0
-4211 1
-4195 0
-4180 1
-4164 0
-4149 0
-4133 0
-4118 1
-4103 0
-4087 1
-4072 0
-4057 1
-4042 0
-4026 0
-4011 0
-3996 1
-3981 0
-3966 0
-3951 1
-3937 0
-3922 1
-3907 0
-3892 0
-3878 1
-3863 0
-3848 1
-3834 0
-3820 0
-3805 1
-3791 0
-3777 1
-3762 0
-3748 1
-3734 0
-3720 0
-3706 0
-3693 1
-3679 0
-3665 0
-3651 1
-3638 0
-3624 0
-3611 1
-3597 0
-3584 1
-3571 0
-3558 1
-3544 0
-3531 0
-3518 1
-3505 0
-3493 1
-3480 0
-3467 1
-3454 0
-3442 0
-3429 0
-3417 1
-3405 0
-3392 1
-3380 0
-3368 0
-3356 1
-3344 0
-3332 1
-3320 0
-3308 0
-3297 1
-3285 0
-3273 0
-3262 1
-3250 0
-3239 1
-3228 0
-3216 1
-3205 0
-3194 0
-3183 1
-3172 0
-3161 1
-3150 0
-3139 1
-3128 0
-3118 0
-3107 1
-3096 0
-3086 0
-3075 0
-3065 1
-3055 0
-3044 1
-3034 1
-3024 0
-3014 0
-3004 0
-2994 1
-2984 0
-2974 1
-2964 0
-2954 1
-2944 0
-2935 1
-2925 0
-2915 0
-2906 1
-2896 0
-2886 0
-2877 1
-2867 0
-2858 1
-2849 0
-2839 0
-2830 1
-2821 0
-2811 1
-2802 0
-2793 1
-2784 0
-2775 0
-2765 1
-2756 0
-2747 0
-2738 1
-2729 1
-2720 0
-2711 0
-2702 1
-2693 0
-2684 1
-2675 0
-2666 0
-2657 1
-2648 0
-2639 0
-2630 1
-2621 0
-2613 1
-2604 0
-2595 1
-2586 0
-2577 1
-2568 0
-2559 0
-2550 1
-2541 0
-2532 0
-2523 1
-2514 0
-2505 1
-2496 0
-2487 1
-2477 0
-2468 1
-2459 0
-2450 1
-2441 0
-2432 0
-2423 1
-2414 0
-2405 0
-2396 1
-2387 0
-2378 1
-2368 0
-2359 0
-2350 1
-2341 0
-2332 1
-2323 0
-2314 1
-2304 0
-2295 1
-2286 0
-2276 0
-2267 1
-2257 0
-2248 1
-2238 0
-2228 1
-2219 0
-2209 1
-2199 0
-2189 0
-2179 1
-2168 0
-2158 1
-2148 0
-2137 0
-2126 1
-2116 0
-2105 0
-2094 1
-2082 0
-2071 1
-2060 1
-2048 0
-2036 0
-2025 1
-2013 0
-2001 1
-1988 0
-1976 0
-1963 1
-1951 0
-1938 1
-1925 0
-1911 1
-1898 0
-1885 1
-1871 0
-1857 1
-1843 0
-1829 0
-1815 1
-1800 0
-1785 1
-1770 0
-1755 0
-1740 1
-1725 0
-1709 1
-1694 0
-1678 1
-1662 0
-1646 0
-1629 1
-1613 0
-1596 1
-1579 0
-1562 1
-1545 0
-1527 1
-1510 0
-1492 1
-1474 0
-1456 1
-1438 0
-1420 0
-1401 1
-1383 0
-1364 1
-1345 0
-1326 1
-1307 0
-1287 1
-1268 0
-1248 1
-1228 0
-1208 0
-1188 1
-1168 0
-1148 0
-1127 1
-1107 1
-1086 0
-1065 0
-1044 1
-1023 0
-1002 1
-981 1
-960 0
-938 0
-917 1
-895 0
-873 1
-851 0
-829 1
-807 0
-785 1
-763 0
-741 1
-718 0
-696 0
-674 1
-651 0
-628 1
-606 0
-583 1
-560 0
-537 1
-514 0
-491 1
-468 0
-445 1
-421 0
-398 1
-375 0
-351 1
-328 0
-305 0
-281 1
-257 1
-234 0
-210 0
-186 1
-162 0
-138 1
-114 0
-90 1
-65 1
-41 0
-16 0
8 1
33 0
58 1
83 1
108 0
134 0
159 1
184 0
210 1
236 0
261 1
287 0
313 1
339 0
365 1
391 0
417 1
443 0
469 1
495 0
521 1
548 1
574 0
600 0
627 1
653 0
680 1
706 0
732 1
759 1
785 0
812 0
838 1
865 0
891 1
917 1
944 0
970 0
996 1
1022 1
1048 0
1074 1
1100 0
1126 1
1152 0
1178 0
1204 1
1230 1
1255 0
1281 1
1306 0
1331 1
1357 1
1382 0
1407 0
1432 1
1457 1
1481 0
1506 1
1530 0
1555 1
1579 0
1603 1
1627 0
1651 1
1674 0
1698 1
1721 0
1745 1
1768 0
1791 1
1814 1
1836 0
1859 1
1881 0
1904 1
1926 1
1948 0
1969 1
1991 0
2013 0
2034 1
2055 1
2076 0
2097 1
2118 0
2138 1
2159 0
2179 1
2199 1
2220 0
2239 1
2259 0
2279 1
2298 0
2318 1
2337 1
2356 0
2375 0
2394 1
2413 1
2431 0
2450 1
2468 1
2486 0
2504 1
2523 0
2541 1
2558 0
2576 1
2594 1
2612 0
2630 0
2647 1
2665 1
2683 0
2700 1
2718 0
2735 1
2753 1
2770 0
2788 1
2805 0
2823 1
2840 1
2857 0
2874 0
2892 1
2909 1
2926 1
2943 0
2960 1
2977 0
2994 1
3011 0
3027 1
3043 0
3060 1
3076 1
3092 0
3108 1
3123 1
3139 0
3154 1
3170 0
3185 1
3200 0
3215 1
3229 0
3244 1
3258 1
3272 0
3286 1
3300 1
3313 0
3327 1
3340 0
3353 1
3366 0
3379 1
3392 1
3404 0
3416 1
3428 1
3440 0
3452 1
3463 1
3474 0
3486 0
3497 1
3507 1
3518 0
3528 1
3538 1
3548 0
3558 1
3568 0
3577 1
3587 0
3596 1
3605 1
3614 0
3622 1
3631 0
3639 1
3647 1
3655 0
3663 1
3670 1
3678 1
3685 0
3692 1
3699 0
3706 0
3713 1
3719 1
3726 1
3732 0
3738 1
3744 0
3750 1
3755 1
3761 0
3766 1
3772 0
3777 1
3782 0
3787 1
3792 1
3796 0
3801 1
3805 1
3809 0
3814 1
3818 1
3822 0
3826 1
3830 0
3833 1
3837 1
3840 0
3844 1
3847 1
3850 0
3854 1
3857 0
3860 1
3863 0
3866 1
3868 1
3871 0
3874 1
3876 1
3879 0
3881 1
3884 0
3886 1
3888 1
3890 0
3892 1
3894 0
3896 1
3898 1
3900 1
3902 0
3904 1
3906 0
3907 1
3909 0
3910 1
3911 1
3912 1
3913 0
3914 1
3914 0
3915 1
3915 0
3916 1
3916 0
3916 1
3916 1
3915 1
3915 0
3914 1
3914 0
3913 1
3912 1
3911 0
3910 1
3909 0
3908 1
3906 1
3905 0
3903 1
3901 1
3900 0
3898 1
3896 1
3894 0
3891 1
3889 0
3887 1
3885 1
3882 0
3880 1
3877 0
3874 1
3872 0
3869 1
3866 1
3863 1
3860 0
3857 1
3854 0
3851 1
3848 0
3845 1
3842 1
3839 0
3836 1
3832 1
3829 0
3826 1
3822 1
3819 0
3816 1
3812 1
3809 0
3806 1
3802 0
3799 1
3795 0
3792 1
3788 1
3785 0
3782 1
3778 1
3775 0
3771 1
3768 0
3764 1
3761 0
3757 1
3754 1
3750 1
3747 0
3743 1
3740 0
3736 1
3733 0
3729 1
3726 1
3722 0
3718 1
3715 1
3711 0
3707 1
3704 1
3700 0
3696 1
3692 0
3689 1
3685 1
3681 0
3677 1
3673 1
3669 0
3665 0
3660 1
3656 1
3652 0
3647 1
3643 1
3638 0
3634 1
3629 0
3624 1
3619 1
3614 0
3609 1
3603 1
3598 0
3592 1
3586 1
3581 0
3575 0
3569 1
3562 1
3556 1
3550 0
3543 1
3536 0
3530 1
3523 0
3515 1
3508 1
3500 0
3493 1
3485 1
3477 0
3468 1
3459 0
3451 1
3441 0
3432 1
3422 1
3412 1
3402 0
3392 1
3381 0
3371 1
3360 1
3349 0
3337 1
3325 0
3314 1
3301 0
3289 1
3276 1
3264 0
3250 1
3237 0
3224 1
3210 1
3195 0
3181 1
3166 0
3151 1
3136 1
3121 0
3105 1
3089 1
3073 0
3056 1
3039 1
3022 0
3004 1
2986 0
2968 0
2950 1
2931 1
2912 1
2893 0
2873 1
2853 0
2833 1
2813 0
2792 1
2771 0
2749 1
2728 1
2706 0
2683 1
2661 1
2638 0
2614 1
2591 1
2567 0
2543 1
2518 0
2494 1
2469 0
2443 1
2417 0
2392 1
2365 1
2339 0
2312 1
2285 0
2257 1
2230 1
2202 0
2174 1
2145 0
2116 1
2087 0
2058 1
2028 0
1998 1
1968 1
1938 0
1907 1
1876 1
1845 0
1814 0
1782 1
1750 1
1718 0
1685 1
1653 0
1620 1
1587 1
1553 0
1520 1
1486 0
1452 1
1418 0
1383 1
1348 0
1314 1
1278 1
1243 0
1208 1
1172 0
1136 1
1100 0
1064 0
1027 1
991 1
954 0
917 1
879 1
842 0
804 1
767 0
729 1
691 0
653 1
614 0
576 1
537 0
498 1
459 0
420 1
380 1
341 0
301 0
261 1
221 1
181 0
140 1
100 0
59 1
18 0
-23 0
-64 1
-106 1
-147 0
-189 1
-231 0
-273 1
-315 0
-358 1
-400 0
-443 1
-486 0
-529 1
-572 0
-615 1
-658 0
-702 1
-745 0
-789 1
-833 0
-877 1
-921 0
-965 1
-1010 0
-1054 1
-1099 0
-1143 0
-1188 1
-1233 1
-1278 0
-1323 1
-1368 0
-1413 0
-1458 1
-1503 1
-1549 0
-1594 0
-1640 1
-1686 0
-1731 1
-1777 0
-1823 1
-1869 0
-1914 1
-1960 0
-2006 1
-2052 0
-2098 0
-2144 1
-2191 0
-2237 1
-2283 0
-2329 1
-2375 0
-2421 1
-2467 0
-2514 1
-2560 0
-2606 0
-2652 1
-2698 0
-2744 0
-2790 1
-2836 1
-2883 0
-2929 0
-2974 1
-3020 0
-3066 1
-3112 0
-3158 1
-3204 0
-3249 1
-3295 0
-3340 0
-3386 1
-3431 0
-3476 0
-3521 1
-3566 0
-3611 0
-3656 1
-3701 0
-3746 1
-3790 0
-3835 1
-3879 0
-3923 1
-3967 0
-4011 1
-4055 0
-4098 0
-4142 0
-4185 1
-4228 0
-4271 1
-4314 0
-4357 0
-4399 1
-4441 0
-4483 1
-4525 0
-4567 0
-4608 1
-4650 0
-4691 0
-4732 1
-4772 0
-4813 0
-4853 1
-4893 0
-4932 1
-4972 0
-5011 1
-5050 0
-5089 0
-5127 0
-5165 1
-5203 0
-5241 1
-5278 0
-5315 0
-5352 0
-5389 1
-5425 0
-5461 1
-5496 0
-5532 1
-5567 0
-5601 0
-5636 0
-5670 1
-5703 0
-5737 0
-5770 1
-5802 0
-5835 0
-5867 1
-5898 0
-5929 0
-5960 1
-5991 0
-6021 1
-6051 0
-6080 0
-6109 0
-6138 0
-6166 1
-6194 0
-6221 1
-6248 0
-6274 1
-6301 0
-6326 0
-6352 0
-6376 0
-6401 1
-6425 0
-6448 1
-6472 0
-6494 0
-6517 0
-6538 1
-6560 0
-6580 1
-6601 0
-6621 0
-6640 0
-6659 0
-6678 1
-6696 0
-6713 1
-6730 0
-6747 0
-6763 0
-6779 1
-6794 0
-6808 1
-6822 0
-6836 0
-6849 0
-6861 0
-6873 1
-6885 0
-6896 0
-6906 1
-6916 0
-6926 0
-6934 0
-6943 1
-6951 0
-6958 1
-6964 0
-6971 0
-6976 1
-6981 0
-6986 0
-6990 0
-6993 0
-6996 1
-6998 0
-7000 0
-7001 1
-7002 0
-7002 0
-7001 0
-7000 1
-6998 0
-6996 0
-6993 1
-6990 0
-6986 1
-6981 0
-6976 0
-6970 0
-6964 0
-6957 0
-6950 1
-6941 0
-6933 0
-6924 1
-6914 0
-6903 1
-6892 0
-6881 0
-6869 0
-6856 1
-6843 0
-6829 0
-6814 0
-6799 1
-6783 0
-6767 0
-6750 0
-6733 1
-6715 0
-6696 0
-6677 1
-6657 0
-6637 1
-6616 0
-6594 0
-6572 0
-6549 0
-6526 1
-6502 0
-6478 0
-6453 0
-6427 1
-6401 0
-6375 1
-6347 0
-6320 0
-6292 0
-6263 1
-6233 0
-6204 1
-6173 0
-6142 0
-6111 0
-6079 0
-6046 1
-6013 0
-5980 0
-5946 1
-5911 0
-5876 0
-5840 0
-5804 1
-5767 0
-5730 1
-5692 0
-5653 0
-5614 1
-5575 0
-5535 0
-5494 1
-5453 0
-5412 0
-5370 1
-5327 0
-5284 0
-5240 0
-5196 0
-5151 1
-5106 0
-5061 1
-5014 0
-4968 0
-4920 1
-4873 0
-4824 0
-4776 1
-4726 0
-4677 0
-4626 1
-4576 0
-4524 0
-4472 1
-4420 0
-4368 1
-4314 0
-4261 0
-4206 0
-4152 1
-4097 0
-4041 1
-3985 0
-3929 0
-3872 0
-3814 1
-3756 0
-3698 1
-3639 0
-3580 1
-3521 0
-3461 0
-3400 1
-3339 0
-3278 0
-3216 1
-3154 0
-3092 0
-3029 1
-2966 0
-2902 0
-2838 1
-2774 0
-2709 1
-2644 0
-2579 0
-2513 1
-2447 0
-2380 1
-2314 0
-2247 1
-2179 0
-2112 1
-2044 0
-1976 0
-1907 1
-1839 0
-1770 1
-1700 0
-1631 0
-1561 0
-1492 1
-1421 0
-1351 1
-1281 0
-1210 1
-1139 0
-1068 1
-997 0
-926 1
-855 0
-783 1
-712 0
-640 0
-568 1
-496 0
-424 1
-352 0
-280 1
-208 0
-137 1
-65 0
7 1
79 0
151 0
222 1
294 0
366 1
437 0
508 1
580 1
651 0
722 0
793 1
864 0
935 1
1005 0
1075 1
1146 1
1216 0
1286 0
1356 1
1425 0
1495 1
1564 1
1634 0
1703 1
1772 0
1841 0
1910 1
1978 1
2046 0
2115 1
2183 0
2251 0
2318 1
2386 1
2453 1
2520 0
2587 0
2653 1
2720 1
2786 0
2852 1
2917 0
2983 1
3048 1
3113 0
3178 0
3242 1
3306 1
3370 0
3433 1
3497 1
3559 0
3622 0
3684 1
3746 1
3808 0
3869 1
3930 1
3990 0
4051 1
4110 0
4170 1
4229 0
4288 1
4346 1
4404 0
4461 1
4518 1
4575 0
4631 1
4687 1
4742 0
4797 1
4851 0
4905 1
4958 1
5011 0
5063 1
5115 0
5167 1
5218 1
5268 0
5318 1
5367 1
5416 0
5464 1
5512 1
5559 0
5605 1
5651 0
5696 1
5741 1
5785 0
5829 1
5871 1
5914 1
5955 0
5996 1
6037 1
6076 0
6116 1
6154 0
6192 1
6229 1
6265 1
6301 0
6336 1
6370 0
6404 1
6437 1
6469 1
6501 0
6532 1
6562 1
6591 0
6620 1
6648 1
6675 0
6702 1
6727 1
6752 1
6777 0
6800 1
6823 0
6845 1
6866 1
6887 1
6906 0
6925 1
6944 1
6961 1
6978 0
6994 1
7009 0
7023 1
7037 1
7050 1
7062 0
7073 1
7083 1
7093 1
7102 0
7110 1
7118 1
7125 0
7131 1
7136 1
7140 1
7144 0
7147 1
7149 1
7151 0
7152 1
7152 1
7151 0
7149 1
7147 1
7144 1
7141 1
7136 0
7131 1
7126 0
7119 1
7112 1
7104 1
7096 0
7087 1
7077 1
7066 1
7055 0
7043 1
7031 1
7017 1
7004 0
6989 1
6974 1
6958 0
6942 1
6925 1
6908 0
6890 1
6871 1
6851 0
6832 1
6811 1
6790 1
6768 0
6746 1
6724 1
6700 1
6676 1
6652 0
6627 1
6602 1
6576 0
6550 1
6523 0
6495 1
6467 1
6439 1
6410 0
6381 1
6351 1
6321 1
6290 0
6259 1
6228 1
6196 0
6164 1
6131 1
6098 0
6064 1
6030 1
5996 0
5961 1
5926 1
5890 1
5854 0
5818 1
5782 1
5745 1
5707 0
5670 1
5632 0
5594 1
5555 1
5516 0
5477 1
5437 1
5398 0
5357 1
5317 1
5276 1
5235 0
5194 1
5153 1
5111 0
5069 1
5027 1
4984 0
4941 1
4898 1
4855 0
4812 1
4768 1
4724 0
4680 1
4635 0
4591 1
4546 1
4501 1
4456 0
4410 1
4365 0
4319 1
4273 1
4227 0
4181 1
4134 1
4088 0
4041 1
3994 1
3947 1
3900 0
3852 0
3805 1
3757 1
3709 1
3661 0
3613 1
3565 0
3517 1
3469 1
3420 0
3372 1
3323 0
3275 1
3227 1
3178 0
3129 1
3081 0
3032 1
2984 1
2936 1
2887 0
2839 1
2790 0
2742 1
2694 0
2646 1
2598 1
2550 0
2502 1
2454 0
2406 1
2359 1
2311 0
2264 1
2217 0
2169 1
2123 0
2076 1
2029 1
1982 0
1936 1
1890 1
1844 0
1798 1
1752 0
1707 0
1662 1
1617 1
1572 1
1527 0
1483 0
1439 1
1395 1
1351 0
1308 1
1265 1
1222 0
1179 0
1137 1
1095 0
1053 1
1011 1
970 0
929 1
888 0
848 1
808 1
768 0
729 0
690 1
651 1
613 0
575 0
537 1
500 1
463 0
426 1
390 0
354 1
318 0
283 1
248 0
214 1
180 0
146 1
113 1
80 0
47 0
15 1
-16 1
-47 0
-78 1
-109 0
-139 0
-168 1
-197 1
-226 0
-254 0
-282 1
-310 1
-337 0
-363 0
-389 1
-415 1
-440 0
-465 0
-489 1
-513 1
-536 0
-559 1
-581 0
-603 0
-625 1
-646 1
-666 0
-686 0
-706 1
-725 1
-743 0
-762 0
-779 1
-796 0
-813 1
-829 0
-845 1
-860 1
-875 0
-889 0
-903 1
-917 0
-930 1
-942 0
-955 1
-966 0
-977 0
-988 1
-999 0
-1008 1
-1018 1
-1027 0
-1035 1
-1043 0
-1051 0
-1058 1
-1065 0
-1071 1
-1076 0
-1082 1
-1086 1
-1091 0
-1094 0
-1098 0
-1100 1
-1103 1
-1105 0
-1106 0
-1107 1
-1107 1
-1107 0
-1106 0
-1105 1
-1103 0
-1101 1
-1099 0
-1095 1
-1092 0
-1087 1
-1083 0
-1078 0
-1072 1
-1066 1
-1059 0
-1052 0
-1044 1
-1035 1
-1027 0
-1017 0
-1007 1
-997 0
-986 1
-975 0
-963 1
-950 0
-937 0
-924 1
-910 0
-895 1
-880 1
-865 0
-849 0
-832 1
-815 1
-798 0
-780 0
-761 1
-742 0
-722 1
-702 0
-682 0
-661 1
-639 0
-617 1
-595 1
-572 0
-548 0
-525 1
-500 1
-475 0
-450 0
-424 1
-398 1
-372 0
-345 0
-317 1
-289 0
-261 1
-232 0
-203 0
-174 1
-144 1
-114 0
-83 1
-52 0
-21 0
11 1
43 1
75 0
108 1
141 0
174 0
208 1
242 1
276 0
310 0
345 1
380 1
415 0
451 1
487 0
522 0
559 1
595 1
632 0
669 0
706 1
743 1
781 0
819 0
857 1
895 1
933 0
972 1
1010 0
1049 1
1088 0
1127 0
1166 1
1205 1
1244 0
1283 1
1323 0
1362 1
1401 1
1440 0
1479 0
1519 1
1558 1
1597 0
1637 0
1676 1
1715 1
1755 0
1794 0
1833 1
1872 1
1911 0
1951 1
1990 1
2029 0
2067 0
2106 1
2145 1
2184 0
2222 1
2260 0
2299 1
2337 0
2375 1
2412 0
2450 1
2488 1
2525 0
2562 1
2599 0
2636 1
2672 0
2709 1
2745 1
2781 0
2816 1
2852 0
2887 1
2922 0
2957 1
2992 0
3026 1
3060 1
3094 0
3128 1
3161 1
3194 0
3227 0
3260 1
3292 1
3324 1
3356 0
3387 0
3418 1
3449 1
3480 0
3511 1
3541 1
3570 0
3600 1
3629 0
3658 1
3687 1
3715 0
3743 1
3771 0
3799 1
3826 0
3853 1
3880 0
3906 1
3932 1
3958 1
3984 0
4009 1
4034 0
4058 1
4083 1
4107 0
4131 1
4154 1
4178 0
4201 1
4223 0
4246 1
4268 1
4290 0
4311 1
4333 0
4354 1
4374 0
4395 1
4415 1
4435 1
4455 0
4474 1
4493 0
4512 1
4531 1
4549 1
4567 0
4585 0
4603 1
4620 1
4637 1
4654 0
4670 1
4687 0
4703 1
4718 0
4734 1
4749 1
4764 1
4779 0
4793 1
4808 0
4822 1
4835 1
4849 1
4862 0
4875 1
4887 0
4900 1
4912 1
4923 0
4935 1
4946 1
4957 0
4968 1
4978 0
4988 1
4998 1
5008 0
5017 1
5026 0
5034 1
5043 1
5051 1
5059 1
5066 0
5073 1
5080 1
5087 0
5093 1
5099 0
5105 1
5110 0
5115 1
5120 1
5125 0
5129 1
5133 1
5136 0
5139 1
5142 1
5145 0
5147 1
5149 1
5151 1
5152 0
5153 1
5154 0
5155 1
5155 1
5154 0
5154 1
5153 1
5152 1
5150 0
5149 0
5146 1
5144 1
5141 1
5138 0
5135 1
5131 0
5127 1
5123 1
5118 1
5113 0
5108 1
5102 0
5096 1
5090 1
5084 1
5077 0
5070 1
5062 0
5054 1
5046 1
5038 0
5030 1
5021 1
5011 0
5002 1
4992 1
4982 1
4972 0
4961 1
4951 0
4939 1
4928 1
4916 0
4905 1
4892 0
4880 1
4868 1
4855 1
4842 0
4828 1
4815 0
4801 1
4787 1
4773 0
4759 1
4744 1
4729 0
4715 1
4700 1
4684 1
4669 0
4653 1
4638 0
4622 1
4606 1
4590 0
4573 1
4557 0
4540 1
4524 1
4507 1
4490 0
4474 1
4457 0
4440 1
4422 0
4405 1
4387 1
4370 1
4352 0
4334 1
4317 0
4299 1
4281 1
4263 1
4245 0
4227 1
4209 0
4191 1
4173 1
4155 0
4137 1
4119 0
4101 1
4083 1
4065 1
4048 0
4030 1
4013 0
3995 1
3978 0
3961 1
3944 1
3927 0
3910 1
3893 1
3876 0
3859 1
3843 1
3827 0
3810 1
3794 0
3778 1
3763 1
3747 0
3732 1
3717 0
3702 1
3687 1
3672 1
3658 0
3644 1
3630 0
3616 1
3603 0
3589 1
3576 1
3564 0
3551 1
3539 1
3527 0
3515 1
3503 0
3492 1
3481 0
3471 1
3460 1
3450 0
3440 1
3431 1
3421 0
3412 1
3404 1
3395 0
3387 1
3379 0
3372 1
3364 1
3357 0
3351 1
3344 0
3338 1
3333 1
3327 0
3322 1
3317 0
3312 1
3308 0
3304 1
3300 0
3297 1
3294 1
3291 1
3289 0
3286 1
3284 0
3283 1
3281 1
3280 0
3280 1
3279 1
3279 0
3279 1
3279 0
3280 1
3281 0
3282 1
3283 1
3285 0
3287 1
3289 0
3292 1
3294 0
3298 1
3301 0
3304 1
3308 1
3312 1
3316 0
3321 1
3326 1
3331 0
3336 1
3341 0
3347 1
3353 1
3359 0
3366 0
3372 1
3379 1
3386 0
3393 1
3401 1
3409 0
3417 1
3425 0
3433 1
3442 0
3451 1
3460 1
3469 1
3478 0
3488 0
3498 1
3508 1
3518 1
3529 0
3540 1
3551 0
3562 1
3573 0
3585 1
3597 0
3609 1
3621 1
3634 1
3646 0
3659 1
3673 0
3686 1
3700 1
3713 0
3728 1
3742 0
3756 1
3771 0
3786 1
3801 1
3817 0
3832 1
3848 1
3864 0
3881 1
3897 1
3914 0
3931 1
3948 0
3966 1
3983 0
4001 1
4019 1
4038 0
4056 1
4075 0
4094 1
4113 1
4133 0
4152 1
4172 1
4193 1
4213 0
4234 1
4254 0
4275 1
4297 0
4318 1
4340 0
4362 1
4384 1
4406 1
4429 0
4451 1
4474 1
4498 0
4521 1
4545 0
4568 1
4592 0
4617 1
4641 1
4666 0
4690 1
4715 1
4740 0
4766 1
4791 1
4817 0
4843 1
4869 0
4895 1
4921 1
4948 1
4974 0
5001 1
5028 1
5055 0
5082 1
5110 0
5137 1
5165 0
5192 1
5220 1
5248 1
5276 0
5304 1
5332 0
5361 1
5389 1
5417 0
5446 1
5474 1
5503 0
5532 1
5560 1
5589 1
5618 0
5646 1
5675 0
5704 1
5732 1
5761 1
5790 0
5819 1
5847 0
5876 1
5904 0
5933 1
5961 1
5989 1
6018 0
6046 1
6074 1
6102 1
6130 0
6157 1
6185 0
6212 1
6239 1
6267 0
6293 1
6320 1
6347 1
6373 0
6399 1
6425 1
6451 0
6477 1
6502 0
6527 1
6552 1
6577 1
6601 0
6625 1
6649 1
6672 1
6696 0
6719 1
6742 1
6764 0
6787 1
6809 1
6831 0
6852 1
6874 1
6895 0
6916 1
6936 1
6956 0
6976 1
6996 1
7015 1
7034 0
7053 1
7071 1
7089 0
7107 1
7124 1
7141 1
7158 1
7174 0
7190 1
7205 0
7221 1
7236 1
7250 1
7264 0
7278 1
7291 1
7304 1
7317 0
7329 1
7341 0
7352 1
7363 1
7373 1
7383 0
7393 1
7402 1
7411 1
7420 0
7427 1
7435 1
7442 1
7449 0
7455 1
7460 1
7466 1
7470 0
7475 1
7479 0
7482 1
7485 1
7487 1
7489 1
7491 0
7492 1
7492 1
7492 0
7491 1
7490 1
7489 1
7487 0
7484 1
7481 1
7478 0
7473 1
7469 1
7464 1
7458 1
7452 0
7445 1
7438 1
7430 0
7422 1
7413 1
7404 0
7394 1
7383 1
7372 1
7361 0
7349 1
7336 1
7323 1
7309 0
7295 1
7280 1
7265 1
7249 0
7233 1
7216 1
7198 0
7180 1
7162 1
7143 1
7123 1
7103 0
7082 1
7060 0
7038 1
7016 1
6993 1
6969 0
6945 1
6921 1
6895 0
6870 1
6843 1
6817 1
6789 0
6761 1
6733 1
6704 1
6674 0
6644 1
6613 1
6582 0
6551 1
6518 1
6486 1
6452 1
6418 0
6384 1
6349 0
6314 1
6278 1
6241 0
6205 1
6167 1
6129 0
6091 1
6052 1
6012 1
5972 0
5932 1
5891 1
5849 1
5807 0
5765 1
5722 1
5679 0
5635 1
5590 1
5546 0
5500 1
5455 1
5408 0
5362 1
5315 1
5267 0
5219 1
5171 1
5122 0
5073 1
5023 1
4973 0
4922 1
4871 1
4820 0
4768 1
4716 1
4664 1
4611 0
4557 1
4504 1
4450 0
4395 1
4340 1
4285 0
4230 0
4174 1
4118 1
4061 1
4004 0
3947 1
3890 0
3832 1
3774 1
3715 0
3657 1
3598 1
3539 0
3479 1
3419 1
3359 0
3299 1
3238 1
3177 0
3116 1
3055 1
2993 0
2932 0
2870 1
2807 1
2745 1
2683 0
2620 1
2557 0
2494 1
2430 0
2367 1
2303 0
2240 1
2176 1
2112 0
2047 1
1983 1
1919 0
1854 1
1790 0
1725 1
1660 1
1595 0
1530 1
1465 0
1400 1
1335 0
1270 1
1205 0
1140 1
1075 1
1009 0
944 1
879 0
814 1
748 0
683 1
618 0
553 1
488 1
422 0
357 1
292 0
227 1
162 0
97 1
32 0
-33 1
-98 0
-163 1
-228 0
-292 1
-356 0
-421 1
-485 0
-549 1
-613 1
-676 0
-740 0
-803 1
-866 1
-929 0
-991 0
-1053 1
-1116 0
-1177 1
-1239 1
-1300 0
-1361 0
-1422 1
-1482 0
-1542 1
-1602 0
-1662 1
-1721 0
-1779 1
-1838 0
-1896 1
-1954 0
-2011 1
-2068 0
-2124 1
-2180 0
-2236 0
-2291 1
-2346 0
-2400 0
-2454 1
-2508 0
-2561 1
-2613 1
-2665 0
-2717 1
-2768 0
-2819 0
-2869 1
-2918 0
-2968 1
-3016 0
-3064 0
-3112 1
-3159 0
-3205 1
-3251 0
-3297 1
-3342 0
-3386 0
-3430 1
-3473 0
-3516 1
-3558 0
-3599 0
-3640 1
-3680 0
-3720 1
-3759 0
-3798 1
-3836 0
-3873 0
-3910 1
-3947 0
-3982 0
-4017 1
-4052 0
-4085 0
-4119 1
-4151 0
-4183 1
-4214 0
-4245 1
-4275 0
-4305 0
-4334 1
-4362 0
-4390 1
-4417 0
-4443 0
-4469 1
-4494 0
-4519 0
-4542 1
-4566 0
-4588 0
-4610 1
-4632 0
-4653 1
-4673 0
-4692 0
-4711 1
-4729 0
-4747 0
-4764 1
-4780 0
-4796 0
-4811 1
-4826 0
-4840 1
-4853 0
-4865 0
-4877 1
-4889 0
-4900 0
-4910 1
-4919 0
-4928 0
-4936 1
-4944 0
-4951 0
-4957 1
-4963 0
-4968 1
-4973 0
-4976 0
-4980 1
-4982 0
-4984 0
-4986 1
-4986 0
-4986 0
-4986 1
-4984 0
-4982 0
-4979 1
-4976 0
-4972 1
-4967 0
-4961 0
-4955 0
-4948 1
-4941 0
-4933 0
-4924 1
-4914 0
-4904 0
-4893 1
-4882 0
-4870 1
-4857 0
-4844 0
-4830 1
-4815 0
-4800 0
-4784 1
-4767 0
-4750 1
-4732 0
-4714 0
-4695 1
-4675 0
-4655 0
-4634 0
-4613 1
-4591 0
-4568 0
-4545 1
-4522 0
-4497 1
-4473 0
-4447 0
-4421 1
-4395 0
-4368 0
-4341 1
-4313 0
-4284 0
-4255 1
-4226 0
-4196 0
-4165 1
-4134 1
-4103 0
-4071 0
-4039 0
-4006 1
-3972 0
-3939 0
-3905 1
-3870 0
-3835 1
-3799 0
-3764 1
-3727 0
-3691 0
-3654 0
-3616 1
-3578 0
-3540 0
-3501 1
-3462 0
-3423 0
-3383 1
-3343 1
-3303 0
-3262 0
-3221 1
-3180 0
-3138 0
-3096 1
-3053 0
-3011 1
-2968 0
-2924 0
-2881 1
-2837 0
-2793 0
-2748 1
-2704 0
-2659 1
-2614 0
-2568 1
-2522 0
-2476 1
-2430 0
-2383 0
-2337 1
-2290 0
-2243 0
-2195 0
-2147 1
-2100 1
-2052 0
-2003 0
-1955 1
-1906 0
-1857 1
-1808 0
-1759 1
-1709 0
-1659 0
-1610 1
-1560 0
-1509 1
-1459 0
-1408 1
-1358 0
-1307 1
-1256 0
-1205 1
-1154 0
-1103 0
-1052 1
-1001 0
-949 0
-897 1
-846 0
-794 1
-742 0
-690 1
-638 1
-586 0
-533 0
-481 1
-428 0
-376 0
-323 1
-270 1
-217 0
-164 1
-111 0
-58 0
-5 1
48 1
101 0
154 0
207 1
260 1
313 0
366 0
419 1
472 0
525 1
578 0
631 1
684 1
737 0
790 0
843 1
896 0
949 1
1002 0
1054 1
1107 0
1160 1
1212 0
1265 1
1317 0
1369 1
1422 1
1474 0
1526 1
1578 0
1629 1
1681 0
1733 1
1784 0
1835 1
1886 0
1937 1
1988 0
2039 1
2090 0
2140 1
2190 0
2240 1
2290 1
2340 0
2389 1
2438 0
2487 1
2536 1
2584 0
2633 0
2681 1
2729 1
2776 0
2824 1
2871 0
2917 1
2964 0
3010 1
3056 1
3102 0
3147 1
3192 0
3237 1
3281 1
3325 0
3369 1
3412 0
3455 1
3498 0
3540 1
3582 0
3624 1
3665 1
3706 0
3746 1
3786 1
3826 0
3865 1
3904 0
3942 1
3980 1
4018 1
4055 0
4092 0
4128 1
4164 1
4199 0
4234 1
4268 0
4302 1
4336 1
4369 0
4401 1
4433 1
4465 0
4496 1
4526 0
4556 1
4586 1
4615 0
4643 1
4671 0
4699 1
4726 1
4752 1
4778 0
4804 1
4829 0
4853 1
4877 1
4900 0
4923 1
4945 0
4967 1
4988 1
5009 1
5029 0
5048 1
5067 1
5086 0
5104 1
5121 0
5138 1
5155 1
5170 0
5186 1
5201 1
5215 0
5229 1
5242 0
5255 1
5267 1
5278 1
5290 0
5300 1
5310 0
5320 1
5329 1
5338 0
5346 1
5354 1
5361 0
5368 1
5374 1
5379 1
5385 0
5389 1
5394 1
5397 0
5401 1
5404 0
5406 1
5408 1
5410 0
5411 1
5411 1
5411 0
5411 1
5410 1
5409 0
5408 1
5406 1
5403 0
5401 1
5397 1
5394 1
5390 0
5385 1
5380 0
5375 1
5370 0
5364 1
5357 1
5350 1
5343 0
5336 1
5328 1
5320 0
5311 1
5302 1
5293 0
5283 1
5273 1
5263 0
5252 1
5241 1
5230 1
5218 0
5206 1
5194 0
5182 1
5169 0
5155 1
5142 1
5128 1
5114 0
5099 1
5084 1
5069 0
5054 1
5038 0
5022 1
5006 1
4989 1
4972 0
4955 1
4938 0
4920 1
4902 1
4883 1
4865 0
4846 1
4827 1
4807 0
4787 1
4767 0
4747 1
4727 1
4706 0
4685 1
4663 0
4641 1
4619 1
4597 1
4575 0
4552 1
4529 1
4505 0
4482 1
4458 1
4433 0
4408 1
4383 0
4358 1
4332 1
4306 0
4279 1
4253 1
4226 0
4198 1
4171 1
4143 0
4115 1
4086 0
4057 1
4028 1
3999 0
3969 1
3939 0
3909 1
3879 1
3849 1
3818 0
3787 1
3756 0
3725 1
3693 1
3662 0
3630 1
3598 1
3566 0
3534 1
3502 0
3470 1
3437 1
3405 0
3372 1
3340 1
3307 0
3274 1
3241 0
3208 1
3175 0
3142 1
3109 0
3075 1
3042 1
3009 0
2975 1
2942 1
2908 1
2875 0
2841 1
2808 0
2774 1
2740 1
2707 0
2673 0
2639 1
2606 1
2572 0
2538 1
2505 1
2471 0
2437 1
2403 0
2370 1
2336 0
2302 1
2268 0
2235 1
2201 1
2167 0
2133 1
2100 1
2066 0
2032 1
1998 0
1965 1
1931 0
1897 1
1863 1
1830 0
1796 1
1762 0
1728 1
1694 0
1661 1
1627 0
1593 1
1559 1
1525 0
1491 1
1458 0
1424 1
1390 0
1356 1
1322 0
1288 1
1254 1
1220 0
1186 1
1151 1
1117 0
1083 0
1049 1
1015 1
980 0
946 0
911 1
877 1
843 0
808 1
773 0
739 0
704 1
669 1
635 0
600 1
565 1
530 0
495 0
460 1
425 1
390 0
355 1
320 0
284 1
249 0
213 0
178 1
143 1
107 0
71 1
36 1
0 0
-36 0
-71 1
-107 0
-143 1
-179 0
-214 1
-250 0
-286 1
-321 1
-357 0
-393 0
-428 1
-464 0
-500 1
-535 0
-571 1
-606 0
-642 1
-677 1
-713 0
-748 0
-783 1
-819 0
-854 1
-889 0
-924 1
-960 0
-995 1
-1030 0
-1065 1
-1100 0
-1135 1
-1170 0
-1204 1
-1239 0
-1274 0
-1309 1
-1343 1
-1378 0
-1412 1
-1447 0
-1481 0
-1515 1
-1550 0
-1584 1
-1618 0
-1652 1
-1686 0
-1720 1
-1753 0
-1787 0
-1821 1
-1854 1
-1888 0
-1921 0
-1954 1
-1987 0
-2021 1
-2054 1
-2086 0
-2119 0
-2152 0
-2184 1
-2217 1
-2249 0
-2282 0
-2314 1
-2346 0
-2378 0
-2410 1
-2441 1
-2473 0
-2504 0
-2536 1
-2567 0
-2598 1
-2629 0
-2660 1
-2691 0
-2721 1
-2752 0
-2782 0
-2812 1
-2842 0
-2872 1
-2902 0
-2931 0
-2961 1
-2990 0
-3019 1
-3048 0
-3077 0
-3106 1
-3134 0
-3163 1
-3191 0
-3219 1
-3247 0
-3275 1
-3302 0
-3330 0
-3357 1
-3384 0
-3411 0
-3437 1
-3464 0
-3490 1
-3516 0
-3542 1
-3568 0
-3594 0
-3619 1
-3644 0
-3669 0
-3694 1
-3719 0
-3743 1
-3767 0
-3791 0
-3815 1
-3838 0
-3861 1
-3884 0
-3906 1
-3929 0
-3951 0
-3973 1
-3994 0
-4016 0
-4037 1
-4057 0
-4078 1
-4098 0
-4118 0
-4138 1
-4158 0
-4177 0
-4196 1
-4215 0
-4234 1
-4252 0
-4270 0
-4288 1
-4306 0
-4324 0
-4341 1
-4358 0
-4374 0
-4391 1
-4407 1
-4423 0
-4439 0
-4455 0
-4470 1
-4485 0
-4500 1
-4515 0
-4529 1
-4544 0
-4557 0
-4571 0
-4585 1
-4598 0
-4611 0
-4624 1
-4637 0
-4649 1
-4661 0
-4673 0
-4685 1
-4696 0
-4707 0
-4718 1
-4729 0
-4739 0
-4749 1
-4759 0
-4769 1
-4778 0
-4788 0
-4797 1
-4805 0
-4814 0
-4822 1
-4830 0
-4838 1
-4845 0
-4852 0
-4859 0
-4865 1
-4872 0
-4878 1
-4883 0
-4889 0
-4894 1
-4899 0
-4903 0
-4908 1
-4912 0
-4915 0
-4919 0
-4922 1
-4924 0
-4927 1
-4929 0
-4931 1
-4932 0
-4933 0
-4934 1
-4935 0
-4935 0
-4935 1
-4934 0
-4933 1
-4932 0
-4930 0
-4928 0
-4926 0
-4923 1
-4920 0
-4917 1
-4913 0
-4909 0
-4904 1
-4899 0
-4894 0
-4888 1
-4882 0
-4876 1
-4869 0
-4861 0
-4854 1
-4846 0
-4837 0
-4828 1
-4819 0
-4809 0
-4799 1
-4789 0
-4778 0
-4767 1
-4755 0
-4743 1
-4730 0
-4717 0
-4704 0
-4690 1
-4675 0
-4661 1
-4646 0
-4630 0
-4614 0
-4598 1
-4581 0
-4564 1
-4546 0
-4528 0
-4510 1
-4491 0
-4472 0
-4452 1
-4433 0
-4412 1
-4392 0
-4371 0
-4350 1
-4328 0
-4306 1
-4284 0
-4261 0
-4238 0
-4215 1
-4191 0
-4167 0
-4143 1
-4118 0
-4093 0
-4068 1
-4042 0
-4016 1
-3989 0
-3963 0
-3935 1
-3908 0
-3880 1
-3852 0
-3823 0
-3794 1
-3765 0
-3735 1
-3705 0
-3675 0
-3644 1
-3613 0
-3582 0
-3550 0
-3518 1
-3485 0
-3452 1
-3419 0
-3386 1
-3352 0
-3318 0
-3283 1
-3248 0
-3213 0
-3177 1
-3141 0
-3105 1
-3068 0
-3031 0
-2994 1
-2956 1
-2918 0
-2880 0
-2841 0
-2802 1
-2763 0
-2723 1
-2683 0
-2643 1
-2602 0
-2561 0
-2520 0
-2479 1
-2437 1
-2394 0
-2352 0
-2309 1
-2266 0
-2222 0
-2179 1
-2135 0
-2090 1
-2046 0
-2001 1
-1956 0
-1910 0
-1865 1
-1819 0
-1773 1
-1726 0
-1679 1
-1633 0
-1585 1
-1538 0
-1490 1
-1443 0
-1394 0
-1346 1
-1298 0
-1249 1
-1200 0
-1151 0
-1102 1
-1053 0
-1003 0
-953 1
-904 0
-854 1
-804 1
-753 0
-703 0
-652 1
-602 1
-551 0
-500 1
-450 0
-399 0
-348 1
-297 0
-245 1
-194 0
-143 1
-92 0
-41 1
10 0
61 0
112 1
163 1
214 0
264 0
315 1
366 0
416 1
467 1
517 0
567 0
617 1
667 1
717 0
767 0
817 1
866 0
916 1
965 1
1014 0
1063 1
1112 0
1161 0
1210 1
1259 1
1307 0
1356 0
1404 1
1453 1
1501 0
1549 1
1597 0
1645 1
1692 0
1740 1
1787 1
1835 0
1882 0
1929 1
1975 1
2022 0
2069 0
2115 1
2161 1
2207 0
2253 1
2299 0
2344 1
2390 0
2435 1
2480 1
2524 0
2569 1
2613 0
2657 1
2701 0
2745 1
2788 1
2831 0
2874 1
2917 0
2959 1
3002 0
3044 1
3085 0
3127 1
3168 1
3209 0
3249 1
3289 0
3329 1
3369 1
3408 0
3447 1
3486 1
3524 0
3563 0
3600 1
3638 1
3675 0
3711 1
3747 0
3783 1
3819 1
3854 0
3889 1
3923 0
3957 1
3991 1
4024 1
4057 0
4089 1
4121 0
4152 1
4183 0
4214 1
4244 1
4274 0
4303 1
4332 0
4360 1
4388 1
4415 0
4442 1
4469 0
4494 1
4520 1
4545 1
4569 0
4593 1
4616 0
4639 1
4661 1
4683 1
4704 0
4725 0
4745 1
4765 1
4784 0
4803 1
4821 1
4838 0
4855 1
4871 1
4887 0
4902 1
4917 1
4931 0
4945 1
4958 0
4970 1
4982 1
4993 0
5004 1
5014 0
5023 1
5032 1
5040 1
5048 1
5055 0
5062 1
5068 0
5074 1
5079 1
5083 0
5087 1
5090 1
5093 0
5095 1
5096 0
5097 1
5098 1
5098 0
5097 1
5096 0
5094 1
5092 1
5089 1
5085 1
5081 0
5077 1
5072 0
5067 1
5061 1
5054 0
5047 1
5040 1
5032 0
5023 1
5014 1
5005 0
4995 1
4984 0
4973 1
4962 1
4950 0
4938 1
4925 1
4912 1
4898 0
4884 1
4870 0
4855 1
4840 1
4824 0
4808 1
4791 1
4774 0
4757 1
4739 1
4721 1
4702 0
4684 0
4664 1
4645 1
4625 1
4604 0
4584 1
4563 0
4542 1
4520 1
4498 0
4476 1
4453 1
4430 0
4407 1
4383 0
4360 1
4336 1
4311 1
4287 0
4262 1
4236 1
4211 0
4185 1
4159 1
4133 0
4107 1
4080 0
4053 1
4026 1
3999 0
3971 0
3943 1
3915 1
3887 1
3858 0
3830 1
3801 0
3772 1
3743 1
3713 1
3684 0
3654 1
3624 0
3594 1
3564 1
3533 0
3502 1
3472 1
3441 0
3410 1
3378 0
3347 1
3315 0
3284 1
3252 1
3220 0
3188 1
3155 0
3123 1
3090 1
3058 1
3025 0
2992 0
2959 1
2926 1
2893 1
2859 0
2826 1
2792 0
2759 1
2725 0
2691 1
2657 1
2623 0
2589 1
2555 0
2520 1
2486 0
2452 1
2417 1
2382 0
2348 1
2313 0
2278 1
2243 1
2208 0
2174 1
2139 1
2104 0
2069 1
2034 0
2000 1
1965 0
1930 1
1896 0
1861 1
1827 0
1792 1
1758 1
1724 0
1690 1
1656 0
1622 1
1588 1
1554 0
1520 1
1486 0
1453 1
1419 0
1386 1
1353 0
1320 1
1287 1
1254 0
1222 0
1189 1
1157 1
1125 0
1093 1
1061 0
1029 1
998 1
967 0
935 1
905 0
874 1
843 0
813 1
783 0
753 1
723 0
694 0
664 1
635 1
607 0
578 1
550 1
521 0
494 1
466 0
439 1
412 0
385 1
358 0
332 0
306 1
280 1
254 0
229 1
204 0
180 1
155 0
131 1
107 1
84 0
61 0
38 1
15 0
-7 1
-29 1
-51 0
-72 0
-93 1
-114 0
-134 1
-154 0
-174 1
-193 1
-212 0
-231 0
-249 1
-267 0
-285 1
-303 1
-320 0
-336 0
-352 1
-368 1
-384 0
-399 0
-414 1
-429 0
-443 1
-457 1
-470 0
-483 0
-496 1
-508 0
-520 1
-532 0
-543 1
-554 0
-565 1
-575 1
-584 0
-594 0
-603 1
-611 0
-620 1
-628 0
-635 0
-642 1
-649 1
-655 0
-660 1
-666 0
-671 0
-675 1
-679 1
-683 0
-686 0
-689 1
-691 1
-693 0
-695 1
-696 0
-697 0
-697 1
-697 0
-697 1
-696 0
-695 1
-693 0
-691 1
-689 1
-686 0
-683 0
-679 0
-676 1
-671 1
-667 0
-662 0
-657 1
-651 1
-645 0
-639 0
-632 1
-625 1
-618 0
-611 0
-603 1
-595 0
-586 1
-577 1
-568 0
-559 0
-549 1
-540 0
-529 1
-519 0
-508 1
-497 0
-486 0
-475 1
-463 1
-451 0
-439 0
-426 1
-414 1
-401 0
-388 1
-374 0
-361 0
-347 1
-333 1
-319 0
-305 0
-290 1
-276 1
-261 0
-246 0
-231 1
-215 0
-200 1
-184 0
-168 1
-152 0
-136 1
-120 0
-103 0
-86 1
-70 1
-53 0
-36 1
-18 1
-1 0
17 0
34 1
52 0
70 1
88 0
106 1
125 0
143 1
162 0
180 0
199 1
218 1
237 0
257 0
276 1
295 1
315 0
335 1
355 0
375 1
395 0
415 1
436 0
456 1
477 1
498 0
519 0
540 1
561 0
583 0
604 1
626 1
648 0
671 1
693 0
716 1
738 0
761 1
785 0
808 1
832 0
855 1
879 0
904 1
928 1
953 0
977 1
1002 0
1027 1
1053 0
1078 1
1104 0
1129 0
1155 1
1181 1
1207 0
1233 1
1260 0
1286 1
1312 0
1339 1
1365 0
1392 1
1418 1
1445 0
1471 0
1498 1
1525 1
1551 0
1578 0
1605 1
1632 1
1658 0
1685 1
1712 0
1739 1
1765 1
1792 0
1819 1
1846 0
1872 1
1899 0
1926 1
1952 0
1979 1
2005 0
2032 1
2058 0
2085 1
2111 0
2138 1
2164 1
2190 0
2217 1
2243 0
2269 1
2295 1
2321 0
2347 1
2373 0
2399 1
2425 0
2451 1
2477 0
2502 1
2528 1
2553 0
2579 1
2605 0
2630 1
2655 0
2681 1
2706 0
2731 1
2756 1
2782 0
2807 1
2832 0
2857 1
2882 0
2906 1
2931 1
2956 1
2981 0
3006 0
3030 1
3055 1
3079 0
3104 1
3128 1
3153 0
3177 0
3202 1
3226 1
3250 0
3275 1
3299 0
3323 1
3347 1
3372 0
3396 1
3420 1
3444 0
3468 1
3492 0
3516 0
3540 1
3564 1
3588 1
3612 0
3636 1
3660 0
3684 1
3708 1
3731 0
3755 1
3779 1
3803 0
3827 1
3850 0
3874 1
3898 1
3922 0
3945 1
3969 0
3992 1
4016 0
4040 1
4063 1
4087 0
4110 1
4134 0
4157 1
4180 1
4203 1
4226 0
4248 1
4271 0
4294 1
4316 1
4339 0
4361 1
4383 0
4405 1
4427 1
4449 0
4470 1
4492 1
4514 0
4535 1
4556 1
4578 0
4599 1
4620 0
4641 1
4662 0
4682 1
4703 1
4724 1
4744 0
4765 1
4785 0
4805 1
4826 1
4846 0
4866 1
4886 1
4906 0
4926 1
4946 1
4965 0
4985 1
5005 0
5024 1
5044 1
5063 0
5083 1
5102 1
5121 0
5141 1
5160 1
5179 1
5198 0
5217 1
5236 0
5255 1
5274 0
5293 1
5312 1
5331 0
5350 1
5369 1
5387 1
5406 0
5425 1
5443 1
5462 0
5481 1
5499 0
5518 1
5536 1
5555 1
5573 0
5591 1
5610 0
5628 1
5646 0
5665 1
5683 1
5701 1
5719 0
5737 1
5755 1
5773 1
5790 0
5808 1
5826 1
5844 0
5861 1
5879 0
5896 1
5913 1
5931 1
5948 0
5965 1
5982 0
5998 1
6015 1
6032 0
6048 1
6065 1
6081 0
6097 1
6113 1
6129 1
6144 1
6160 0
6175 1
6190 0
6205 1
6220 0
6235 1
6249 1
6263 1
6277 1
6291 0
6304 1
6318 1
6331 0
6343 1
6356 0
6368 1
6379 1
6391 0
6402 1
6413 1
6423 1
6433 1
6443 0
6453 1
6462 0
6471 1
6479 1
6487 1
6495 0
6503 1
6510 1
6517 0
6523 1
6529 0
6535 1
6540 1
6546 1
6551 1
6555 0
6560 1
6564 1
6568 0
6571 1
6574 1
6577 0
6580 1
6582 1
6584 0
6586 1
6588 1
6589 1
6590 0
6590 1
6591 1
6591 0
6591 1
6590 1
6589 0
6588 1
6587 1
6585 1
6583 0
6580 1
6578 1
6575 0
6572 1
6568 1
6564 0
6560 1
6555 1
6550 1
6545 0
6540 1
6534 1
6528 1
6521 0
6514 1
6507 0
6499 1
6491 1
6483 1
6475 0
6466 1
6456 1
6447 0
6437 1
6426 0
6415 1
6404 1
6393 1
6381 1
6368 0
6356 1
6343 1
6329 1
6315 0
6301 1
6286 0
6271 1
6255 1
6239 1
6223 0
6206 1
6189 1
6171 0
6153 1
6135 1
6116 0
6096 1
6077 1
6056 1
6036 0
6014 1
5993 0
5971 1
5948 1
5925 0
5901 1
5877 1
5853 1
5828 0
5802 1
5777 1
5750 1
5723 0
5696 1
5668 1
5640 0
5611 1
5582 1
5552 0
5521 1
5491 1
5459 0
5427 1
5395 0
5362 1
5329 1
5295 0
5261 1
5226 1
5190 1
5155 0
5118 1
5081 1
5044 0
5006 1
4968 1
4929 0
4890 1
4850 1
4810 0
4769 1
4727 1
4686 0
4643 1
4601 1
4557 0
4514 1
4469 1
4425 0
4380 1
4334 1
4288 0
4242 1
4195 0
4147 1
4100 0
4051 1
4003 1
3954 1
3904 0
3854 1
3804 1
3753 0
3702 1
3650 1
3599 0
3546 1
3494 0
3441 1
3387 0
3333 1
3279 1
3225 1
3170 0
3115 1
3059 0
3004 1
2948 0
2891 1
2834 1
2777 1
2720 0
2663 1
2605 0
2547 1
2488 0
2430 1
2371 0
2312 1
2252 1
2193 0
2133 1
2073 1
2013 0
1952 1
1892 0
1831 1
1770 1
1709 0
1648 0
1586 1
1525 1
1463 0
1401 1
1339 0
1277 1
1215 1
1152 0
1090 1
1027 0
964 1
902 0
839 1
776 0
713 1
650 1
587 0
524 1
461 0
397 1
334 0
271 1
208 0
144 1
81 0
18 1
-45 0
-109 1
-172 0
-235 1
-298 1
-362 0
-425 1
-488 0
-551 0
-614 1
-677 1
-740 0
-803 1
-866 0
-928 0
-991 1
-1054 1
-1116 0
-1179 0
-1241 1
-1303 0
-1365 1
-1427 1
-1489 0
-1551 0
-1613 1
-1674 0
-1736 1
-1797 1
-1858 0
-1919 0
-1980 1
-2041 0
-2101 0
-2162 1
-2222 1
-2282 0
-2342 0
-2402 1
-2462 1
-2521 0
-2581 0
-2640 1
-2699 0
-2758 0
-2816 1
-2875 0
-2933 1
-2991 0
-3049 1
-3107 0
-3164 1
-3221 0
-3278 1
-3334 0
-3391 0
-3446 1
-3502 0
-3557 0
-3612 1
-3667 0
-3721 1
-3775 0
-3829 1
-3882 0
-3935 1
-3988 0
-4040 0
-4092 1
-4144 0
-4195 0
-4245 1
-4296 0
-4346 0
-4395 1
-4444 0
-4493 1
-4541 0
-4589 0
-4636 1
-4683 0
-4730 0
-4776 1
-4822 1
-4867 0
-4911 0
-4956 1
-4999 0
-5043 0
-5085 0
-5128 1
-5169 0
-5211 1
-5251 0
-5292 1
-5331 0
-5371 0
-5409 0
-5447 1
-5485 0
-5522 0
-5559 1
-5595 0
-5630 1
-5665 0
-5699 0
-5733 0
-5766 1
-5799 0
-5831 0
-5862 1
-5893 0
-5923 1
-5953 0
-5982 0
-6010 0
-6038 1
-6066 0
-6092 1
-6118 0
-6144 0
-6169 0
-6193 1
-6216 0
-6239 1
-6261 0
-6283 0
-6304 1
-6324 0
-6344 0
-6363 0
-6382 0
-6399 1
-6416 0
-6433 1
-6449 0
-6464 0
-6478 0
-6492 1
-6505 0
-6518 1
-6529 0
-6541 0
-6551 0
-6561 1
-6570 0
-6578 0
-6586 0
-6593 1
-6599 0
-6605 1
-6610 0
-6614 0
-6618 0
-6621 1
-6623 0
-6625 1
-6625 0
-6626 0
-6625 0
-6624 0
-6622 1
-6619 0
-6616 0
-6612 1
-6607 0
-6602 0
-6596 0
-6589 1
-6582 0
-6573 0
-6564 1
-6555 0
-6544 1
-6533 0
-6521 0
-6508 0
-6495 1
-6481 0
-6466 0
-6451 1
-6435 0
-6418 0
-6401 0
-6382 1
-6363 0
-6344 0
-6323 0
-6303 1
-6281 0
-6259 0
-6236 1
-6212 0
-6188 0
-6163 1
-6137 0
-6111 0
-6084 0
-6056 1
-6028 0
-5999 1
-5970 0
-5940 0
-5909 1
-5878 0
-5846 0
-5813 1
-5780 0
-5746 0
-5712 0
-5677 0
-5642 1
-5606 0
-5569 1
-5532 0
-5495 0
-5457 0
-5418 0
-5379 1
-5339 1
-5299 0
-5258 0
-5217 0
-5175 1
-5132 0
-5090 0
-5046 1
-5003 0
-4958 1
-4914 0
-4869 0
-4823 1
-4777 0
-4731 0
-4684 0
-4636 1
-4589 0
-4540 0
-4492 1
-4443 0
-4394 1
-4344 0
-4294 0
-4243 0
-4192 1
-4141 0
-4089 0
-4037 1
-3985 0
-3932 1
-3879 0
-3826 1
-3772 0
-3718 0
-3663 1
-3609 0
-3553 0
-3498 0
-3442 1
-3386 0
-3330 1
-3274 0
-3217 1
-3160 0
-3102 0
-3044 0
-2986 1
-2928 0
-2870 1
-2811 0
-2752 1
-2693 0
-2633 1
-2573 0
-2513 0
-2453 1
-2392 0
-2332 0
-2271 1
-2209 0
-2148 0
-2086 1
-2024 0
-1962 1
-1900 0
-1838 1
-1775 0
-1712 0
-1650 1
-1587 0
-1523 1
-1460 0
-1397 1
-1333 0
-1269 1
-1205 0
-1141 1
-1077 0
-1013 0
-948 1
-883 0
-819 1
-754 0
-689 0
-623 1
-558 0
-492 1
-427 0
-361 1
-295 0
-229 1
-163 0
-97 1
-31 0
35 1
101 0
168 0
234 1
300 1
367 0
433 0
500 1
566 1
633 0
699 0
766 1
832 1
899 0
966 1
1032 0
1099 0
1166 1
1232 0
1299 1
1365 1
1432 0
1499 1
1565 0
1632 0
1698 1
1764 1
1831 0
1897 1
1963 0
2029 1
2095 0
2161 1
2227 0
2293 1
2358 0
2424 1
2489 1
2555 0
2620 1
2685 0
2750 1
2814 0
2879 1
2943 1
3008 0
3072 1
3136 0
3199 1
3263 0
3326 1
3390 1
3453 0
3515 0
3578 1
3640 1
3702 0
3764 1
3825 1
3887 0
3948 0
4008 1
4069 1
4129 1
4189 0
4249 1
4308 0
4367 1
4426 1
4484 0
4542 1
4600 1
4657 0
4714 1
4771 0
4827 1
4883 1
4939 0
4994 1
5049 0
5103 1
5157 0
5211 1
5264 1
5317 0
5369 1
5421 1
5473 1
5524 0
5575 1
5625 1
5675 0
5724 1
5773 0
5821 1
5869 1
5917 1
5964 0
6011 1
6057 0
6102 1
6147 1
6192 0
6236 1
6280 1
6323 0
6366 1
6408 1
6450 0
6491 1
6532 1
6572 0
6612 1
6652 1
6691 1
6729 0
6768 1
6805 1
6842 1
6879 0
6916 1
6951 0
6987 1
7022 1
7056 0
7090 1
7124 1
7157 0
7189 1
7221 1
7253 1
7284 0
7315 1
7345 1
7374 1
7404 0
7432 1
7460 1
7488 1
7515 0
7542 1
7568 1
7593 0
7618 1
7643 0
7667 1
7691 1
7714 1
7736 1
7758 0
7780 1
7800 1
7821 1
7841 0
7860 1
7879 1
7897 1
7915 0
7932 1
7948 0
7964 1
7980 1
7995 1
8009 1
8023 0
8037 1
8049 1
8062 1
8073 0
8084 1
8095 1
8105 0
8114 1
8123 1
8132 1
8140 0
8147 1
8154 1
8160 1
8165 1
8171 1
8175 0
8179 1
8183 0
8185 1
8188 1
8190 0
8191 1
8192 1
8192 1
8192 1
8191 1
8190 0
8188 1
8185 1
8182 0
8179 1
8175 1
8171 1
8166 0
8160 1
8154 1
8148 1
8141 0
8134 1
8126 1
8118 1
8109 0
8099 1
8090 1
8080 1
8069 1
8058 0
8046 1
8034 1
8022 0
8009 1
7996 1
7982 1
7968 0
7954 1
7939 1
7924 1
7908 0
7892 1
7876 1
7859 1
7842 0
7824 1
7806 1
7788 1
7769 0
7750 1
7730 1
7710 0
7690 1
7669 1
7649 1
7627 1
7606 0
7584 1
7562 1
7540 1
7517 1
7494 0
7471 1
7448 0
7424 1
7400 1
7376 0
7352 1
7327 1
7302 1
7277 1
7252 0
7226 1
7200 1
7174 0
7148 1
7122 1
7095 1
7068 1
7041 0
7014 1
6986 1
6959 0
6931 1
6903 1
6875 0
6846 1
6818 1
6789 1
6760 0
6731 1
6702 1
6673 0
6644 1
6614 1
6585 1
6555 0
6525 1
6495 1
6465 1
6435 0
6405 1
6375 1
6344 0
6314 1
6283 1
6252 1
6222 0
6191 1
6160 0
6129 1
6098 1
6067 0
6035 1
6004 1
5973 0
5941 1
5910 1
5878 1
5846 1
5815 1
5783 0
5751 1
5719 0
5687 1
5655 1
5623 0
5591 1
5559 0
5527 1
5495 1
5462 1
5430 1
5398 0
5365 1
5333 0
5300 1
5267 1
5235 0
5202 1
5169 1
5136 0
5103 1
5070 1
5037 0
5004 1
4971 1
4938 0
4905 1
4872 1
4838 1
4805 0
4771 1
4738 0
4704 1
4671 1
4637 1
4603 0
4570 1
4536 0
4502 1
4468 0
4434 1
4400 1
4366 1
4332 0
4297 1
4263 0
4229 1
4194 1
4160 1
4125 0
4091 1
4056 0
4021 1
3987 0
3952 1
3917 1
3882 1
3847 0
3812 1
3777 0
3742 1
3707 1
3672 0
3637 1
3602 1
3567 0
3531 1
3496 0
3461 1
3426 1
3391 0
3356 1
3321 1
3286 0
3250 1
3215 0
3180 1
3145 0
3110 1
3075 1
3040 0
3005 1
2970 1
2935 0
2900 1
2865 0
2830 1
2795 1
2760 0
2725 1
2690 0
2655 1
2620 1
2585 0
2550 1
2515 0
2481 1
2446 0
2411 1
2376 1
2342 1
2307 0
2272 1
2238 0
2203 0
2169 1
2134 1
2100 0
2065 1
2031 1
1996 0
1962 1
1928 0
1893 0
1859 1
1825 1
1791 1
1756 0
1722 1
1688 0
1654 1
1620 0
1586 1
1552 0
1518 1
1485 1
1451 0
1417 1
1383 0
1350 1
1316 1
1282 0
1249 1
1215 0
1182 0
1148 1
1115 1
1082 0
1048 0
1015 1
982 1
949 0
915 1
882 1
849 0
816 1
783 0
751 1
718 0
685 0
652 1
619 1
587 0
554 1
522 1
489 0
457 0
424 1
392 1
359 0
327 0
295 1
263 1
231 0
198 0
166 1
134 1
102 0
71 1
39 0
7 0
-25 1
-57 1
-88 0
-120 1
-151 0
-183 1
-214 1
-245 0
-276 0
-307 1
-338 0
-369 1
-400 0
-430 1
-461 0
-491 0
-521 1
-552 1
-582 0
-612 1
-642 0
-671 1
-701 0
-731 1
-761 0
-790 1
-820 0
-849 1
-879 0
-908 1
-938 0
-967 1
-996 0
-1025 1
-1055 0
-1084 0
-1113 1
-1142 0
-1172 1
-1201 0
-1230 1
-1259 0
-1288 1
-1317 0
-1347 1
-1376 0
-1405 1
-1434 0
-1463 1
-1492 0
-1522 1
-1551 0
-1580 1
-1610 0
-1639 1
-1668 0
-1698 0
-1727 1
-1756 0
-1786 0
-1815 1
-1845 0
-1874 1
-1904 1
-1933 0
-1963 1
-1992 0
-2022 0
-2051 1
-2081 0
-2111 1
-2140 0
-2170 1
-2200 0
-2230 0
-2259 1
-2289 1
-2319 0
-2348 0
-2378 1
-2408 0
-2438 0
-2467 1
-2497 0
-2527 1
-2556 0
-2586 1
-2616 0
-2645 1
-2675 0
-2704 1
-2734 0
-2763 0
-2793 1
-2822 0
-2851 1
-2880 0
-2910 0
-2939 1
-2968 0
-2997 0
-3026 1
-3054 1
-3083 0
-3112 0
-3140 1
-3169 0
-3197 1
-3225 0
-3253 1
-3281 0
-3309 1
-3337 0
-3365 0
-3392 0
-3420 1
-3447 0
-3474 0
-3501 1
-3528 0
-3554 1
-3581 0
-3607 1
-3633 0
-3659 1
-3685 0
-3711 1
-3736 0
-3761 0
-3787 1
-3811 0
-3836 0
-3861 0
-3885 1
-3909 0
-3933 1
-3957 0
-3980 1
-4004 0
-4027 1
-4050 0
-4073 0
-4095 1
-4117 0
-4139 0
-4161 0
-4183 1
-4204 1
-4226 0
-4247 0
-4267 1
-4288 0
-4308 0
-4329 1
-4349 0
-4369 0
-4388 1
-4408 0
-4427 1
-4446 0
-4465 0
-4483 1
-4502 0
-4520 1
-4538 0
-4556 0
-4574 1
-4591 0
-4608 0
-4626 1
-4643 0
-4659 0
-4676 1
-4692 0
-4708 1
-4724 0
-4740 0
-4756 1
-4772 0
-4787 0
-4802 0
-4817 1
-4832 0
-4847 1
-4861 0
-4876 1
-4890 0
-4904 0
-4918 0
-4932 1
-4945 0
-4959 1
-4972 0
-4985 0
-4998 1
-5011 0
-5024 1
-5037 0
-5049 0
-5062 0
-5074 1
-5086 0
-5098 0
-5110 1
-5122 0
-5133 1
-5145 0
-5156 0
-5167 1
-5179 0
-5190 0
-5201 0
-5212 1
-5222 0
-5233 1
-5243 0
-5254 0
-5264 1
-5274 0
-5284 0
-5294 1
-5304 0
-5314 0
-5323 1
-5333 0
-5342 1
-5352 0
-5361 0
-5370 0
-5379 1
-5388 0
-5397 0
-5405 1
-5414 0
-5422 1
-5431 0
-5439 0
-5447 0
-5455 1
-5463 0
-5470 0
-5478 1
-5485 0
-5493 1
-5500 0
-5507 0
-5514 1
-5521 0
-5528 0
-5534 0
-5540 1
-5547 0
-5553 0
-5559 1
-5564 0
-5570 0
-5576 1
-5581 0
-5586 1
-5591 0
-5596 0
-5600 1
-5605 0
-5609 0
-5614 1
-5618 0
-5622 0
-5626 0
-5630 1
-5633 0
-5637 0
-5640 1
-5643 0
-5646 1
-5649 0
-5652 0
-5654 0
-5656 0
-5658 1
-5660 0
-5662 1
-5663 0
-5664 1
-5665 0
-5666 0
-5666 0
-5666 1
-5666 0
-5666 1
-5665 0
-5665 0
-5664 0
-5663 1
-5661 0
-5660 0
-5658 0
-5656 1
-5653 0
-5651 1
-5648 0
-5645 0
-5642 1
-5638 0
-5634 0
-5630 1
-5626 0
-5621 0
-5616 1
-5611 0
-5605 0
-5600 1
-5594 0
-5587 0
-5581 0
-5574 1
-5567 0
-5560 1
-5552 0
-5544 0
-5536 0
-5527 1
-5518 0
-5509 0
-5500 1
-5490 0
-5481 1
-5470 0
-5460 0
-5449 1
-5438 0
-5427 0
-5416 0
-5404 1
-5392 0
-5379 0
-5367 1
-5354 0
-5341 1
-5328 0
-5314 0
-5300 0
-5286 1
-5272 0
-5257 1
-5243 0
-5228 0
-5212 0
-5197 1
-5181 0
-5165 0
-5149 1
-5133 0
-5117 0
-5100 1
-5083 0
-5066 1
-5049 0
-5031 0
-5013 1
-4996 0
-4978 0
-4959 0
-4941 1
-4923 0
-4904 1
-4885 0
-4866 0
-4847 1
-4828 0
-4809 0
-4789 1
-4769 0
-4750 0
-4730 1
-4710 0
-4690 0
-4669 0
-4649 1
-4629 0
-4608 1
-4588 0
-4567 1
-4546 0
-4525 0
-4504 1
-4483 0
-4462 0
-4441 1
-4420 0
-4398 0
-4377 1
-4355 0
-4334 1
-4312 0
-4291 0
-4269 0
-4247 1
-4226 0
-4204 0
-4182 0
-4160 1
-4138 1
-4116 0
-4094 0
-4072 1
-4049 0
-4027 1
-4004 0
-3981 0
-3958 1
-3935 0
-3912 1
-3889 0
-3866 0
-3842 0
-3819 1
-3795 0
-3772 1
-3748 0
-3724 0
-3700 0
-3676 1
-3652 0
-3628 1
-3604 0
-3579 1
-3555 0
-3531 1
-3506 0
-3482 0
-3457 0
-3433 1
-3408 0
-3383 1
-3359 0
-3334 0
-3309 1
-3284 0
-3259 1
-3235 0
-3210 1
-3185 0
-3160 0
-3135 0
-3110 1
-3085 0
-3061 1
-3036 0
-3011 1
-2986 0
-2961 0
-2936 1
-2912 0
-2887 0
-2862 1
-2838 1
-2813 0
-2789 0
-2764 1
-2740 0
-2715 0
-2691 1
-2667 0
-2642 0
-2618 1
-2594 1
-2570 0
-2546 0
-2522 1
-2498 0
-2475 0
-2451 1
-2428 0
-2404 1
-2381 0
-2357 1
-2334 0
-2311 0
-2288 1
-2265 0
-2243 1
-2220 0
-2197 1
-2175 0
-2152 1
-2130 0
-2108 0
-2086 1
-2064 0
-2042 0
-2020 1
-1999 0
-1977 0
-1956 1
-1934 1
-1913 0
-1892 1
-1871 0
-1850 0
-1830 1
-1809 0
-1788 1
-1768 0
-1748 1
-1727 0
-1707 0
-1687 1
-1667 1
-1647 0
-1628 0
-1608 1
-1589 0
-1569 1
-1550 0
-1531 0
-1511 1
-1492 0
-1473 1
-1455 0
-1436 0
-1417 1
-1399 1
-1381 0
-1362 0
-1344 1
-1326 0
-1308 1
-1291 1
-1273 0
-1255 0
-1238 1
-1221 0
-1203 1
-1186 0
-1169 0
-1152 1
-1135 0
-1118 1
-1101 0
-1084 1
-1067 0
-1050 1
-1034 0
-1017 1
-1000 0
-984 1
-968 0
-952 0
-935 1
-919 0
-903 1
-888 0
-872 1
-856 0
-840 1
-825 0
-809 1
-794 0
-779 0
-763 1
-748 1
-733 0
-718 0
-703 1
-688 1
-673 0
-658 1
-644 0
-629 0
-615 1
-600 0
-586 1
-572 0
-557 0
-543 1
-529 1
-515 0
-501 1
-487 0
-474 0
-460 1
-446 1
-433 0
-419 1
-406 0
-393 0
-380 1
-367 0
-354 1
-341 0
-328 1
-316 1
-303 0
-291 0
-278 1
-266 0
-254 1
-242 1
-230 0
-218 0
-207 1
-195 0
-184 0
-173 1
-162 1
-151 0
-140 0
-129 1
-119 1
-109 0
-98 1
-88 0
-78 1
-69 0
-59 1
-50 0
-41 1
-32 0
-23 1
-14 0
-6 0
2 1
10 1
18 0
26 0
33 1
41 1
48 0
55 1
61 0
68 0
74 1
80 1
86 0
91 1
96 0
102 0
106 1
111 1
115 0
120 0
123 1
127 1
130 0
134 0
137 1
139 1
142 0
144 1
146 0
147 1
149 0
150 1
151 0
152 0
152 1
152 1
152 0
152 1
151 0
150 0
149 1
147 1
146 0
144 1
142 0
139 0
137 1
134 1
130 0
127 1
123 0
120 1
115 0
111 1
106 0
102 1
96 0
91 1
86 0
80 1
74 0
68 1
61 0
55 1
48 0
41 1
33 0
26 0
18 1
10 1
2 0
-6 1
-14 0
-23 1
-32 0
-41 1
-50 1
-59 0
-69 0
-78 1
-88 0
-98 1
-109 0
-119 1
-129 0
-140 1
-151 0
-162 1
-173 0
-184 0
-195 1
-207 1
-218 0
-230 1
-242 0
-254 1
-266 1
-278 0
-291 0
-303 1
-316 0
-328 1
-341 0
-354 1
-367 0
-380 1
-393 0
-406 0
-419 1
-433 1
-446 0
-460 1
-474 0
-487 0
-501 1
-515 1
-529 0
-543 1
-557 0
-572 1
-586 0
-600 0
-615 1
-629 0
-644 1
-658 1
-673 0
-688 1
-703 0
-718 0
-733 1
-748 0
-763 1
-779 0
-794 1
-809 1
-825 0
-840 0
-856 1
-872 0
-888 1
-903 0
-919 0
-935 1
-952 1
-968 0
-984 0
-1000 1
-1017 1
-1034 0
-1050 1
-1067 0
-1084 0
-1101 1
-1118 0
-1135 1
-1152 0
-1169 1
-1186 0
-1203 1
-1221 0
-1238 1
-1255 0
-1273 1
-1291 0
-1308 1
-1326 0
-1344 1
-1362 0
-1381 0
-1399 1
-1417 0
-1436 0
-1455 1
-1473 1
-1492 0
-1511 1
-1531 0
-1550 0
-1569 1
-1589 1
-1608 0
-1628 0
-1647 1
-1667 0
-1687 1
-1707 0
-1727 1
-1748 0
-1768 1
-1788 0
-1809 1
-1830 0
-1850 0
-1871 1
-1892 0
-1913 1
-1934 0
-1956 1
-1977 0
-1999 1
-2020 0
-2042 0
-2064 1
-2086 0
-2108 1
-2130 0
-2152 0
-2175 1
-2197 0
-2220 1
-2243 1
-2265 0
-2288 0
-2311 1
-2334 0
-2357 1
-2381 0
-2404 1
-2428 0
-2451 0
-2475 1
-2498 0
-2522 1
-2546 0
-2570 0
-2594 1
-2618 0
-2642 1
-2667 0
-2691 1
-2715 0
-2740 1
-2764 0
-2789 0
-2813 1
-2838 0
-2862 1
-2887 0
-2912 1
-2936 0
-2961 0
-2986 1
-3011 0
-3036 0
-3061 1
-3085 0
-3110 1
-3135 0
-3160 0
-3185 1
-3210 0
-3235 1
-3259 1
-3284 0
-3309 0
-3334 1
-3359 0
-3383 0
-3408 1
-3433 0
-3457 1
-3482 0
-3506 0
-3531 1
-3555 0
-3579 1
-3604 0
-3628 0
-3652 1
-3676 0
-3700 1
-3724 0
-3748 0
-3772 0
-3795 1
-3819 0
-3842 1
-3866 0
-3889 1
-3912 0
-3935 1
-3958 0
-3981 0
-4004 1
-4027 0
-4049 1
-4072 0
-4094 0
-4116 1
-4138 0
-4160 0
-4182 0
-4204 1
-4225 0
-4247 1
-4269 0
-4290 1
-4311 0
-4332 0
-4354 1
-4375 0
-4396 1
-4416 0
-4437 0
-4458 1
-4478 0
-4499 0
-4519 1
-4539 0
-4559 1
-4579 0
-4599 0
-4619 0
-4639 1
-4658 0
-4678 1
-4697 0
-4716 0
-4735 1
-4754 0
-4773 0
-4792 1
-4810 0
-4829 1
-4847 0
-4866 0
-4884 1
-4902 0
-4920 0
-4937 1
-4955 0
-4973 0
-4990 1
-5007 0
-5024 1
-5041 0
-5058 0
-5075 1
-5091 0
-5108 0
-5124 1
-5140 0
-5157 0
-5172 0
-5188 1
-5204 0
-5219 1
-5235 0
-5250 0
-5265 1
-5280 0
-5295 1
-5309 0
-5324 0
-5338 0
-5352 1
-5366 0
-5380 1
-5394 0
-5408 0
-5421 0
-5434 1
-5447 0
-5460 0
-5473 1
-5486 0
-5498 1
-5511 0
-5523 0
-5535 0
-5547 1
-5558 0
-5570 1
-5581 0
-5592 0
-5603 1
-5614 0
-5625 0
-5635 1
-5646 0
-5656 0
-5666 1
-5675 0
-5685 0
-5695 0
-5704 1
-5713 0
-5722 1
-5731 0
-5739 0
-5748 0
-5756 1
-5764 0
-5772 0
-5779 1
-5787 0
-5794 0
-5801 1
-5808 0
-5815 1
-5821 0
-5828 0
-5834 0
-5840 1
-5845 0
-5851 1
-5856 0
-5861 0
-5866 0
-5871 1
-5875 0
-5880 0
-5883 1
-5887 0
-5891 0
-5894 1
-5897 0
-5899 0
-5902 1
-5904 0
-5906 0
-5908 0
-5909 1
-5911 0
-5912 0
-5913 1
-5913 0
-5914 1
-5914 0
-5914 0
-5914 0
-5913 1
-5913 0
-5912 0
-5911 1
-5910 0
-5908 1
-5907 0
-5905 0
-5903 0
-5901 1
-5898 0
-5895 0
-5893 1
-5890 0
-5887 0
-5883 0
-5880 1
-5876 0
-5872 0
-5868 1
-5864 0
-5859 0
-5855 1
-5850 0
-5845 1
-5840 0
-5834 0
-5829 0
-5823 1
-5817 0
-5811 1
-5805 0
-5798 0
-5792 0
-5785 0
-5778 1
-5771 0
-5763 1
-5756 0
-5748 0
-5740 1
-5732 0
-5724 0
-5715 0
-5707 1
-5698 0
-5689 1
-5679 0
-5670 0
-5660 0
-5650 1
-5640 0
-5630 0
-5620 1
-5609 0
-5598 0
-5587 1
-5575 0
-5564 1
-5552 0
-5540 0
-5528 0
-5516 1
-5503 0
-5490 0
-5477 1
-5463 0
-5450 0
-5436 1
-5422 0
-5407 0
-5393 1
-5378 0
-5363 0
-5347 1
-5332 0
-5316 0
-5300 1
-5283 0
-5267 0
-5250 0
-5232 1
-5215 0
-5197 1
-5179 0
-5161 0
-5142 1
-5123 0
-5104 1
-5084 0
-5064 0
-5044 0
-5024 1
-5003 0
-4982 0
-4961 0
-4939 1
-4917 0
-4895 1
-4873 0
-4850 1
-4827 0
-4803 0
-4779 0
-4755 1
-4731 0
-4706 1
-4681 0
-4656 0
-4630 0
-4604 1
-4578 0
-4552 1
-4525 0
-4498 0
-4470 0
-4442 1
-4414 0
-4386 1
-4357 0
-4328 1
-4299 0
-4270 0
-4240 1
-4210 0
-4180 0
-4149 0
-4119 1
-4087 0
-4056 1
-4025 0
-3993 0
-3961 1
-3928 0
-3896 0
-3863 1
-3830 0
-3797 1
-3763 0
-3729 1
-3695 0
-3661 0
-3627 0
-3592 1
-3557 0
-3522 0
-3486 1
-3450 0
-3414 1
-3378 0
-3342 1
-3305 0
-3269 0
-3232 1
-3194 0
-3157 0
-3119 1
-3081 0
-3043 1
-3005 0
-2967 0
-2928 1
-2889 0
-2850 1
-2811 0
-2771 0
-2732 1
-2692 0
-2652 1
-2612 0
-2572 1
-2531 0
-2490 0
-2450 0
-2409 1
-2367 0
-2326 1
-2285 0
-2243 1
-2201 0
-2159 0
-2117 1
-2075 0
-2033 1
-1990 0
-1948 1
-1905 0
-1862 1
-1819 0
-1776 1
-1733 0
-1689 0
-1646 0
-1602 1
-1559 0
-1515 1
-1471 0
-1427 1
-1383 0
-1339 1
-1295 0
-1251 1
-1206 0
-1162 1
-1117 0
-1073 0
-1028 1
-983 0
-939 0
-894 1
-849 1
-804 0
-759 0
-714 1
-669 1
-624 0
-579 0
-534 1
-489 0
-444 1
-399 0
-354 1
-308 1
-263 0
-218 0
-173 0
-128 1
-83 1
-38 0
7 0
53 1
98 1
143 0
188 0
233 1
277 0
322 1
367 0
412 1
456 1
501 0
546 0
590 1
635 1
679 0
723 0
767 1
811 1
856 0
899 0
943 1
987 0
1031 1
1074 1
1117 0
1161 1
1204 0
1247 0
1290 1
1333 1
1375 0
1418 0
1460 1
1502 1
1544 0
1586 1
1628 0
1670 1
1711 1
1752 0
1793 0
1834 1
1875 1
1916 0
1956 1
1996 0
2036 1
2076 0
2116 1
2155 0
2194 1
2233 0
2272 1
2311 1
2349 0
2387 0
2425 1
2463 1
2500 0
2537 1
2574 1
2611 0
2648 1
2684 0
2720 1
2756 0
2791 1
2826 0
2861 1
2896 1
2930 0
2965 1
2999 0
3032 1
3065 1
3099 0
3131 1
3164 0
3196 1
3228 0
3260 1
3291 0
3322 1
3353 0
3383 1
3413 1
3443 1
3472 0
3501 1
3530 0
3559 1
3587 1
3615 0
3642 1
3670 1
3696 0
3723 0
3749 1
3775 1
3801 0
3826 1
3851 0
3875 1
3899 1
3923 0
3947 1
3970 1
3993 0
4015 0
4037 1
4059 1
4080 1
4101 0
4122 1
4142 1
4162 0
4181 1
4200 0
4219 1
4237 1
4255 0
4273 1
4290 0
4307 1
4324 1
4340 0
4356 1
4371 0
4386 1
4401 1
4415 1
4429 0
4442 1
4455 0
4468 1
4480 0
4492 1
4504 1
4515 1
4526 0
4536 1
4546 0
4556 1
4565 1
4574 0
4582 1
4590 0
4598 1
4605 1
4612 1
4618 0
4625 1
4630 0
4636 1
4641 1
4645 0
4649 1
4653 1
4656 0
4659 1
4662 0
4664 1
4666 1
4668 0
4669 1
4669 1
4670 0
4670 1
4669 1
4668 0
4667 1
4666 0
4664 1
4661 1
4659 1
4656 0
4652 1
4648 0
4644 1
4640 1
4635 0
4629 1
4624 1
4618 0
4611 1
4605 0
4597 1
4590 1
4582 1
4574 0
4566 1
4557 0
4548 1
4538 1
4528 0
4518 1
4507 1
4496 0
4485 1
4474 0
4462 1
4449 1
4437 0
4424 1
4411 1
4397 0
4383 1
4369 1
4355 0
4340 1
4325 0
4309 1
4294 1
4278 1
4261 0
4245 1
4228 0
4211 1
4193 1
4176 0
4157 1
4139 1
4121 0
4102 1
4083 0
4063 1
4043 1
4024 0
4003 1
3983 0
3962 1
3941 1
3920 1
3899 0
3877 0
3855 1
3833 1
3810 1
3788 0
3765 1
3742 0
3718 1
3695 1
3671 1
3647 0
3623 1
3599 0
3574 1
3550 0
3525 1
3499 0
3474 1
3449 1
3423 0
3397 1
3371 1
3345 0
3319 1
3292 1
3266 0
3239 1
3212 1
3185 0
3158 1
3131 0
3104 1
3076 0
3049 1
3022 1
2994 0
2966 1
2939 0
2911 1
2883 0
2855 1
2827 1
2798 0
2770 1
2742 0
2713 1
2685 1
2656 1
2627 0
2598 1
2569 0
2540 1
2511 1
2482 0
2453 0
2424 1
2394 1
2365 0
2335 1
2306 0
2276 1
2246 1
2216 0
2187 0
2157 1
2127 1
2097 1
2067 0
2036 1
2006 0
1976 1
1946 0
1915 1
1885 0
1854 1
1824 1
1793 0
1763 1
1732 0
1702 1
1671 0
1640 1
1610 1
1579 0
1548 1
1517 0
1487 1
1456 0
1425 1
1395 1
1364 0
1333 0
1302 1
1272 1
1241 0
1211 1
1180 1
1150 0
1119 0
1089 1
1058 0
1028 1
998 1
968 0
938 1
908 0
878 0
848 1
818 1
788 0
759 1
729 1
700 0
671 1
642 0
613 1
584 0
555 0
526 1
498 1
470 0
442 1
414 0
386 1
358 0
331 1
303 0
276 1
249 0
223 1
196 1
170 0
144 0
118 1
92 1
67 0
41 1
16 0
-8 0
-33 1
-57 0
-81 1
-105 1
-129 0
-152 0
-175 1
-198 1
-221 0
-243 1
-265 0
-287 0
-308 1
-329 1
-350 0
-371 1
-391 0
-411 0
-431 1
-451 1
-470 0
-489 1
-507 0
-526 0
-544 1
-561 1
-579 0
-596 0
-613 1
-630 1
-646 0
-662 0
-678 1
-694 0
-709 1
-724 0
-739 1
-753 1
-768 0
-782 0
-795 1
-809 0
-822 1
-835 0
-847 1
-860 0
-872 1
-883 0
-895 1
-906 0
-917 1
-928 0
-938 0
-948 1
-958 0
-968 1
-977 0
-986 1
-995 1
-1004 0
-1012 0
-1020 1
-1028 0
-1035 1
-1043 0
-1049 1
-1056 0
-1063 1
-1069 0
-1075 1
-1080 0
-1086 0
-1091 1
-1096 1
-1100 0
-1105 0
-1109 1
-1113 0
-1117 1
-1120 0
-1123 1
-1126 0
-1129 1
-1131 0
-1133 1
-1135 0
-1137 0
-1138 1
-1140 0
-1140 1
-1141 0
-1142 1
-1142 1
-1142 0
-1142 0
-1142 1
-1141 0
-1140 1
-1139 0
-1138 1
-1137 0
-1135 1
-1133 0
-1131 0
-1129 1
-1126 0
-1123 1
-1121 0
-1117 0
-1114 1
-1111 1
-1107 0
-1103 1
-1099 0
-1095 1
-1091 0
-1086 1
-1081 0
-1076 0
-1071 1
-1066 0
-1060 1
-1055 0
-1049 1
-1043 0
-1037 1
-1031 0
-1024 1
-1018 0
-1011 1
-1004 0
-997 1
-990 0
-983 0
-975 1
-968 0
-960 1
-952 0
-944 0
-936 1
-928 1
-919 0
-911 1
-902 0
-893 0
-884 1
-875 1
-866 0
-856 1
-847 0
-837 0
-827 1
-817 0
-807 1
-797 0
-787 1
-776 1
-766 0
-755 0
-745 1
-734 0
-723 0
-712 1
-701 0
-690 1
-679 1
-668 0
-657 0
-646 1
-635 0
-623 1
-612 0
-601 1
-590 0
-578 1
-567 1
-556 0
-545 0
-533 1
-522 0
-511 0
-500 1
-488 1
-477 0
-466 1
-455 0
-444 0
-433 1
-422 1
-411 0
-400 0
-390 1
-379 0
-368 1
-358 0
-347 1
-337 1
-326 0
-316 0
-306 1
-296 0
-286 1
-276 1
-266 0
-256 0
-246 1
-237 0
-227 0
-218 1
-209 1
-199 0
-190 1
-181 0
-172 1
-163 0
-155 0
-146 1
-138 1
-129 0
-121 1
-113 0
-105 1
-96 0
-89 1
-81 0
-73 0
-65 1
-58 1
-50 0
-43 0
-36 1
-29 1
-21 0
-14 0
-8 1
-1 1
6 0
13 1
19 0
26 0
32 1
38 1
44 0
51 0
57 1
63 1
69 0
74 0
80 1
86 1
91 0
97 0
103 1
108 1
113 0
119 0
124 1
129 1
134 0
139 0
144 1
149 1
154 0
159 1
164 0
168 0
173 1
178 1
182 0
187 0
191 1
196 1
200 0
205 0
209 1
213 1
217 0
222 1
226 0
230 0
234 1
238 1
242 0
246 1
249 0
253 1
257 0
260 1
264 0
267 0
270 1
274 1
277 0
280 1
283 0
286 1
288 0
291 0
294 1
296 1
299 0
301 1
304 0
306 1
308 1
310 0
312 0
314 1
316 0
318 1
320 0
321 1
323 0
324 1
326 1
327 0
328 0
330 1
331 0
332 1
333 0
334 1
334 0
335 1
336 0
336 1
337 0
337 1
338 1
338 0
338 1
339 0
339 1
339 0
339 1
338 0
338 0
338 1
338 1
337 0
337 0
336 1
336 1
335 0
334 0
334 1
333 1
332 0
331 1
330 0
329 1
327 1
326 0
325 0
324 1
322 0
321 0
319 1
318 1
316 0
314 1
313 0
311 1
309 0
307 1
305 1
303 0
301 0
299 1
297 0
295 1
293 1
291 0
288 0
286 1
284 1
281 0
279 0
276 1
274 0
271 1
268 0
266 1
263 1
260 0
257 1
255 0
252 1
249 0
246 0
243 1
240 1
237 0
234 0
231 1
228 1
225 0
222 1
219 0
215 1
212 0
208 1
205 0
201 0
198 1
194 1
190 0
187 1
183 0
179 1
175 0
171 1
167 0
163 1
159 1
155 0
151 0
147 1
143 0
139 1
135 0
131 0
127 1
123 1
119 0
115 1
111 0
107 1
103 0
99 1
95 1
91 0
87 0
84 1
80 1
76 0
73 0
69 1
66 0
62 1
59 0
55 1
52 1
49 0
46 0
43 1
40 0
37 1
34 0
31 1
28 0
26 1
23 0
21 1
18 1
16 0
14 1
11 0
9 0
7 1
5 0
4 1
2 1
0 0
-1 0
-3 1
-4 0
-6 1
-7 0
-8 1
-9 1
-10 0
-11 0
-12 1
-13 0
-14 1
-14 1
-15 0
-16 0
-16 1
-17 0
-17 1
-17 1
-17 0
-18 0
-18 1
-18 1
-18 0
-18 0
-18 1
-18 0
-17 1
-17 1
-17 0
-17 0
-16 1
-16 0
-16 1
-15 0
-15 1
-14 0
-14 1
-13 1
-13 0
-12 0
-12 1
-11 1
-11 0
-10 0
-10 1
-9 0
-9 1
-8 1
-7 0
-7 0
-6 1
-6 0
-5 1
-5 0
-4 1
-4 1
-4 0
-3 0
-3 1
-2 0
-2 1
-2 0
-1 1
-1 1
-1 0
-1 0
0 1
0 1
0 0
0 0
0 1
0 0
0 1
0 0
0 1
0 0
0 1
0 0
0 1
0 1
0 0
0 0
0 1
0 1
0 0
0 0
0 1
0 0
0 1
0 1
0 0
0 0
0 1
0 0
0 1
0 0
0 1
0 0
0 1
0 0
0 1
0 1
0 0
0 0
0 1
0 0
0 1
0 1
0 0
0 0
0 1
0 1
0 0
0 0
0 1
0 0
0 1
0 0
0 1
0 0
0 1
0 1
0 0
0 0
0 1
0 0
0 1
0 0
0 1
0 0
0 1
0 1
0 0
0 1
0 0
0 0
0 1
0 0
0 1
0 0
0 1
0 0
0 1
0 0
0 1
0 1
0 0
0 0
0 1
0 1
0 0
0 0
0 1
0 0
0 1
0 0
0 1
0 0
0 1
0 1
0 0
0 0
0 1
0 0
0 1
0 1
0 0
0 0
0 1
0 0
0 1
0 0
0 1
0 1
0 0
0 0
0 1
0 0
0 1
0 1
0 0
0 0
0 1
0 0
0 1
0 0
0 1
0 0
0 1
0 0
0 1
0 1
0 0
0 1
0 0
0 0
0 1
0 0
0 1
